# ----- Rotor performance tables for the IEA-15-240-RWT-Monopile wind turbine ----- 
# ------------ Written on Jun-07-26 using the ROSCO toolbox ------------ 

# Pitch angle vector, 36 entries - x axis (matrix columns) (deg)
-5.0   -4.0   -3.0   -2.0   -1.0   0.0   1.0   2.0   3.0   4.0   5.0   6.0   7.0   8.0   9.0   10.0   11.0   12.0   13.0   14.0   15.0   16.0   17.0   18.0   19.0   20.0   21.0   22.0   23.0   24.0   25.0   26.0   27.0   28.0   29.0   30.0   
# TSR vector, 26 entries - y axis (matrix rows) (-)
2.0    2.5    3.0    3.5    4.0    4.5    5.0    5.5    6.0    6.5    7.0    7.5    8.0    8.5    9.0    9.5    10.0    10.5    11.0    11.5    12.0    12.5    13.0    13.5    14.0    14.5    
# Wind speed vector - z axis (m/s)
10.65    

# Power coefficient

0.005613   0.007417   0.009257   0.011157   0.013130   0.015187   0.017332   0.019561   0.021871   0.024251   0.026697   0.029202   0.031755   0.034344   0.036949   0.039542   0.042113   0.044647   0.047114   0.049470   0.051652   0.053599   0.055270   0.056634   0.057655   0.058287   0.058497   0.058278   0.057652   0.056652   0.055307   0.053639   0.051666   0.049405   0.046879   0.044111   
0.014532   0.018253   0.022092   0.026034   0.030062   0.034163   0.038328   0.042543   0.046783   0.051016   0.055225   0.059415   0.063565   0.067598   0.071412   0.074893   0.077954   0.080520   0.082509   0.083821   0.084401   0.084254   0.083437   0.082018   0.080050   0.077577   0.074642   0.071283   0.067541   0.063451   0.059051   0.054371   0.049435   0.044263   0.038871   0.033273   
0.032769   0.039125   0.045523   0.051949   0.058372   0.064768   0.071152   0.077554   0.083942   0.090199   0.096151   0.101616   0.106437   0.110458   0.113486   0.115353   0.116021   0.115569   0.114122   0.111788   0.108662   0.104832   0.100379   0.095373   0.089877   0.083944   0.077622   0.070954   0.063974   0.056704   0.049156   0.041341   0.033267   0.024943   0.016386   0.007631   
0.060691   0.069895   0.079044   0.088210   0.097451   0.106730   0.115884   0.124643   0.132717   0.139834   0.145670   0.149878   0.152246   0.152821   0.151795   0.149370   0.145731   0.141048   0.135467   0.129115   0.122098   0.114492   0.106368   0.097783   0.088784   0.079403   0.069660   0.059568   0.049130   0.038349   0.027225   0.015770   0.004009   -0.007997   -0.020143   -0.032265   
0.097272   0.109933   0.122752   0.135643   0.148318   0.160341   0.171263   0.180581   0.187710   0.192209   0.194044   0.193495   0.190905   0.186599   0.180860   0.173921   0.165974   0.157173   0.147639   0.137465   0.126706   0.115415   0.103633   0.091388   0.078693   0.065556   0.051977   0.037952   0.023475   0.008552   -0.006791   -0.022490   -0.038404   -0.054291   -0.069823   -0.084636   
0.143357   0.160663   0.177801   0.194147   0.209009   0.221583   0.230986   0.236668   0.238713   0.237626   0.233949   0.228168   0.220682   0.211792   0.201734   0.190692   0.178799   0.166144   0.152800   0.138811   0.124213   0.109034   0.093285   0.076979   0.060115   0.042682   0.024662   0.006046   -0.013158   -0.032901   -0.053051   -0.073338   -0.093342   -0.112542   -0.130386   -0.146389   
0.199998   0.221823   0.241999   0.259420   0.272834   0.281349   0.284980   0.284453   0.280582   0.274068   0.265460   0.255153   0.243438   0.230528   0.216571   0.201677   0.185928   0.169391   0.152086   0.134041   0.115282   0.095827   0.075667   0.054786   0.033159   0.010763   -0.012418   -0.036371   -0.061012   -0.086132   -0.111329   -0.135979   -0.159318   -0.180586   -0.199225   -0.215082   
0.265027   0.288997   0.308617   0.322375   0.329783   0.331599   0.328981   0.322927   0.314202   0.303334   0.290684   0.276524   0.261054   0.244405   0.226670   0.207919   0.188208   0.167573   0.146036   0.123608   0.100292   0.076076   0.050933   0.024829   -0.002275   -0.030397   -0.059520   -0.089540   -0.120188   -0.150934   -0.180938   -0.209167   -0.234615   -0.256613   -0.275065   -0.290505   
0.331456   0.353200   0.367429   0.374271   0.375133   0.371406   0.364142   0.354067   0.341658   0.327270   0.311181   0.293588   0.274604   0.254307   0.232765   0.210041   0.186179   0.161181   0.135056   0.107809   0.079419   0.049845   0.019043   -0.013027   -0.046397   -0.081062   -0.116914   -0.153641   -0.190626   -0.226842   -0.260971   -0.291694   -0.318103   -0.340051   -0.358268   -0.373967   
0.388336   0.403980   0.411661   0.413115   0.409788   0.402676   0.392430   0.379503   0.364262   0.347004   0.327940   0.307181   0.284807   0.260868   0.235427   0.208539   0.180234   0.150510   0.119365   0.086773   0.052688   0.017062   -0.020158   -0.059008   -0.099503   -0.141558   -0.184864   -0.228759   -0.272092   -0.313291   -0.350660   -0.382879   -0.409539   -0.431433   -0.450120   -0.467004   
0.425813   0.436380   0.440848   0.440297   0.435467   0.426860   0.414970   0.400209   0.382931   0.363388   0.341708   0.317966   0.292227   0.264555   0.235031   0.203725   0.170632   0.135744   0.099042   0.060478   0.019998   -0.022447   -0.066908   -0.113419   -0.161942   -0.212211   -0.263582   -0.314862   -0.364310   -0.409854   -0.449611   -0.482613   -0.509429   -0.531909   -0.551989   -0.571072   
0.442620   0.451691   0.456511   0.457017   0.452952   0.444664   0.432509   0.416993   0.398453   0.377084   0.353020   0.326371   0.297233   0.265699   0.231869   0.195808   0.157493   0.116915   0.074039   0.028813   -0.018817   -0.068907   -0.121505   -0.176619   -0.234079   -0.293320   -0.353194   -0.411902   -0.467110   -0.516344   -0.557776   -0.591297   -0.618745   -0.642703   -0.665250   -0.687654   
0.442070   0.453333   0.460739   0.463955   0.462744   0.456572   0.445696   0.430471   0.411301   0.388479   0.362230   0.332729   0.300115   0.264524   0.226087   0.184859   0.140827   0.093976   0.044260   -0.008373   -0.063976   -0.122602   -0.184289   -0.248979   -0.316261   -0.385127   -0.453812   -0.519905   -0.580485   -0.632777   -0.675450   -0.709688   -0.738560   -0.765088   -0.791293   -0.818184   
0.427895   0.443007   0.454896   0.462687   0.465467   0.463041   0.454804   0.440923   0.421767   0.397869   0.369607   0.337254   0.301024   0.261125   0.217736   0.170898   0.120608   0.066840   0.009557   -0.051284   -0.115731   -0.183835   -0.255615   -0.330864   -0.408813   -0.487855   -0.565609   -0.639003   -0.704541   -0.759370   -0.803164   -0.838691   -0.870020   -0.900379   -0.931470   -0.963944   
0.405565   0.423682   0.440498   0.453813   0.462161   0.464348   0.460003   0.448460   0.430033   0.405429   0.375287   0.340048   0.300044   0.255570   0.206848   0.153903   0.096747   0.035374   -0.030239   -0.100130   -0.174344   -0.252928   -0.335845   -0.422641   -0.512036   -0.601769   -0.688824   -0.769414   -0.839477   -0.896493   -0.941612   -0.979293   -1.014356   -1.049850   -1.087008   -1.126085   
0.379904   0.400292   0.419852   0.438539   0.453059   0.461114   0.461308   0.453080   0.436141   0.411225   0.379350   0.341197   0.297246   0.247892   0.193396   0.133797   0.069142   -0.000555   -0.075305   -0.155139   -0.240098   -0.330220   -0.425351   -0.524668   -0.626247   -0.727182   -0.823752   -0.911382   -0.985578   -1.044628   -1.091602   -1.132593   -1.172789   -1.214686   -1.259013   -1.305661   
0.350938   0.374564   0.396927   0.418572   0.438913   0.453341   0.459022   0.454799   0.440080   0.415318   0.381874   0.340759   0.292646   0.238069   0.177332   0.110511   0.037690   -0.041093   -0.125835   -0.216557   -0.313298   -0.416067   -0.524511   -0.637298   -0.751793   -0.864433   -0.970706   -1.065189   -1.143203   -1.204366   -1.254053   -1.299751   -1.346465   -1.395961   -1.448497   -1.503676   
0.318547   0.346230   0.372247   0.396916   0.420668   0.441322   0.453189   0.453599   0.441827   0.417744   0.382890   0.338744   0.286243   0.226085   0.158612   0.083967   0.002274   -0.086401   -0.182038   -0.284647   -0.394261   -0.510833   -0.633702   -0.760884   -0.889039   -1.013882   -1.130017   -1.231157   -1.312774   -1.376414   -1.429986   -1.481895   -1.536433   -1.594654   -1.656414   -1.721101   
0.283087   0.315105   0.345445   0.373814   0.400535   0.425599   0.443851   0.449696   0.441388   0.418497   0.382408   0.335166   0.278037   0.211907   0.137177   0.054070   -0.037240   -0.136657   -0.244138   -0.359686   -0.483320   -0.614883   -0.753284   -0.895794   -1.038363   -1.175905   -1.302030   -1.409639   -1.494778   -1.561592   -1.620465   -1.680061   -1.743654   -1.811684   -1.883687   -1.958888   
0.245276   0.281344   0.316251   0.348931   0.379195   0.407430   0.431315   0.443096   0.438752   0.417561   0.380442   0.330033   0.268018   0.195499   0.112957   0.020715   -0.080997   -0.192048   -0.312372   -0.441958   -0.580806   -0.728576   -0.883616   -1.042410   -1.200158   -1.350886   -1.487109   -1.601015   -1.689803   -1.760803   -1.826530   -1.895202   -1.969019   -2.047927   -2.131213   -2.217980   
0.205324   0.245548   0.284688   0.322045   0.356424   0.387964   0.416022   0.433787   0.433988   0.414923   0.377004   0.323349   0.256165   0.176808   0.085870   -0.016213   -0.129151   -0.252770   -0.386979   -0.531750   -0.687050   -0.852272   -1.025067   -1.201122   -1.374822   -1.539212   -1.685627   -1.805709   -1.898537   -1.974999   -2.049153   -2.128198   -2.213375   -2.304235   -2.399877   -2.499318   
0.164503   0.207833   0.251264   0.293046   0.332004   0.367297   0.398796   0.421946   0.427158   0.410574   0.372096   0.315101   0.242443   0.155773   0.055827   -0.056838   -0.181860   -0.319020   -0.468200   -0.629352   -0.802388   -0.986322   -1.178013   -1.372326   -1.562759   -1.741274   -1.897966   -2.024201   -2.121741   -2.205124   -2.289222   -2.379874   -2.477540   -2.581449   -2.690565   -2.803841   
0.123167   0.169136   0.216101   0.262155   0.305777   0.345295   0.380247   0.407836   0.418261   0.404521   0.365705   0.305266   0.226812   0.132329   0.022734   -0.101285   -0.239285   -0.391000   -0.556282   -0.735063   -0.927156   -1.131080   -1.342832   -1.556421   -1.764378   -1.957474   -2.124525   -2.257037   -2.360223   -2.452084   -2.547560   -2.651021   -2.762311   -2.880403   -3.004160   -3.132489   
0.081289   0.129945   0.179630   0.229719   0.277700   0.321830   0.360536   0.391922   0.407347   0.396745   0.357813   0.293818   0.209226   0.106406   -0.013507   -0.149680   -0.301590   -0.468917   -0.651477   -0.849181   -1.061689   -1.286898   -1.519907   -1.753810   -1.980088   -2.188222   -2.365732   -2.504829   -2.614809   -2.716735   -2.824947   -2.942411   -3.068476   -3.201930   -3.341544   -3.486195   
0.039840   0.090076   0.142620   0.195782   0.248011   0.296801   0.339620   0.374542   0.394473   0.387273   0.348399   0.280727   0.189638   0.077933   -0.052992   -0.202157   -0.368946   -0.552980   -0.754040   -0.972005   -1.206317   -1.454132   -1.709624   -1.964896   -2.210299   -2.433934   -2.622050   -2.768236   -2.886316   -2.999879   -3.122132   -3.254797   -3.396822   -3.546861   -3.703595   -3.865891   
-0.000018   0.050091   0.104962   0.160930   0.216973   0.270158   0.317421   0.355911   0.379732   0.376121   0.337436   0.265959   0.167994   0.046837   -0.095825   -0.258850   -0.441524   -0.643402   -0.864226   -1.103834   -1.361368   -1.633142   -1.912368   -2.190085   -2.455428   -2.695037   -2.893978   -3.047946   -3.175537   -3.302275   -3.439846   -3.588925   -3.748134   -3.916026   -4.091184   -4.272506   


#  Thrust coefficient

0.067268   0.066945   0.066588   0.066257   0.065988   0.065803   0.065718   0.065742   0.065879   0.066132   0.066502   0.066991   0.067588   0.068282   0.069054   0.069878   0.070736   0.071611   0.072464   0.073248   0.073904   0.074377   0.074632   0.074643   0.074381   0.073806   0.072885   0.071610   0.069996   0.068073   0.065865   0.063389   0.060660   0.057693   0.054509   0.051132   
0.086443   0.086709   0.087118   0.087690   0.088436   0.089359   0.090459   0.091728   0.093140   0.094657   0.096255   0.097924   0.099633   0.101299   0.102822   0.104095   0.105037   0.105587   0.105674   0.105208   0.104134   0.102455   0.100217   0.097479   0.094284   0.090671   0.086673   0.082326   0.077661   0.072713   0.067516   0.062101   0.056491   0.050703   0.044752   0.038656   
0.114873   0.116458   0.118276   0.120325   0.122579   0.124992   0.127554   0.130274   0.133114   0.135952   0.138611   0.140913   0.142716   0.143882   0.144236   0.143620   0.141993   0.139425   0.136026   0.131890   0.127096   0.121721   0.115830   0.109481   0.102729   0.095626   0.088218   0.080547   0.072647   0.064542   0.056249   0.047781   0.039155   0.030387   0.021508   0.012562   
0.154033   0.157299   0.160791   0.164530   0.168559   0.172846   0.177227   0.181413   0.185112   0.188073   0.189996   0.190558   0.189552   0.187015   0.183125   0.178061   0.171988   0.165050   0.157373   0.149064   0.140213   0.130887   0.121154   0.111074   0.100694   0.090051   0.079173   0.068079   0.056782   0.045296   0.033635   0.021822   0.009900   -0.002051   -0.013908   -0.025494   
0.203877   0.209169   0.214951   0.221164   0.227505   0.233495   0.238677   0.242573   0.244625   0.244402   0.241866   0.237283   0.230973   0.223229   0.214299   0.204379   0.193637   0.182207   0.170200   0.157705   0.144776   0.131471   0.117844   0.103933   0.089764   0.075357   0.060726   0.045886   0.030849   0.015641   0.000311   -0.015054   -0.030295   -0.045153   -0.059303   -0.072401   
0.265310   0.273765   0.282598   0.291088   0.298491   0.304019   0.306798   0.306275   0.302533   0.296068   0.287402   0.276983   0.265162   0.252196   0.238288   0.223605   0.208274   0.192386   0.176026   0.159247   0.142102   0.124635   0.106875   0.088855   0.070596   0.052107   0.033397   0.014484   -0.004600   -0.023777   -0.042889   -0.061650   -0.079640   -0.096367   -0.111340   -0.124167   
0.340739   0.352471   0.363088   0.371431   0.376232   0.376568   0.372455   0.364639   0.353937   0.341028   0.326416   0.310442   0.293356   0.275342   0.256540   0.237081   0.217072   0.196602   0.175705   0.154427   0.132824   0.110936   0.088782   0.066376   0.043722   0.020826   -0.002296   -0.025594   -0.048949   -0.072127   -0.094721   -0.116133   -0.135671   -0.152690   -0.166764   -0.177823   
0.430319   0.442816   0.451417   0.454531   0.451634   0.443538   0.431486   0.416518   0.399389   0.380580   0.360395   0.339062   0.316767   0.293662   0.269875   0.245520   0.220679   0.195412   0.169766   0.143784   0.117500   0.090932   0.064089   0.036970   0.009578   -0.018062   -0.045892   -0.073768   -0.101396   -0.128254   -0.153567   -0.176423   -0.195992   -0.211782   -0.223788   -0.232489   
0.529468   0.537717   0.538559   0.532116   0.519998   0.503805   0.484708   0.463440   0.440422   0.415951   0.390273   0.363586   0.336039   0.307756   0.278857   0.249453   0.219620   0.189380   0.158774   0.127840   0.096595   0.065039   0.033172   0.001003   -0.031450   -0.064133   -0.096889   -0.129382   -0.161017   -0.190867   -0.217794   -0.240720   -0.258981   -0.272551   -0.282075   -0.288537   
0.629367   0.627740   0.617860   0.601972   0.581926   0.558924   0.533651   0.506498   0.477779   0.447751   0.416632   0.384576   0.351719   0.318167   0.284041   0.249435   0.214402   0.178963   0.143150   0.106980   0.070456   0.033579   -0.003645   -0.041197   -0.079032   -0.117010   -0.154789   -0.191736   -0.226828   -0.258732   -0.286067   -0.307851   -0.323875   -0.334848   -0.342024   -0.346511   
0.720738   0.707717   0.688620   0.665300   0.638883   0.609974   0.578977   0.546221   0.511998   0.476548   0.440044   0.402608   0.364355   0.325396   0.285871   0.245879   0.205422   0.164526   0.123212   0.081484   0.039346   -0.003190   -0.046107   -0.089374   -0.132886   -0.176332   -0.219086   -0.260099   -0.297914   -0.330856   -0.357495   -0.377207   -0.390548   -0.399008   -0.404093   -0.406886   
0.800595   0.778221   0.752165   0.723180   0.691472   0.657366   0.621140   0.583161   0.543693   0.502931   0.461029   0.418125   0.374347   0.329834   0.284732   0.239119   0.192972   0.146320   0.099178   0.051557   0.003472   -0.045062   -0.094018   -0.143326   -0.192754   -0.241734   -0.289247   -0.333802   -0.373534   -0.406546   -0.431550   -0.448614   -0.459239   -0.465418   -0.468736   -0.470138   
0.871154   0.841753   0.810020   0.776129   0.740020   0.701478   0.660687   0.617876   0.573335   0.527295   0.479956   0.431491   0.382049   0.331797   0.280892   0.229376   0.177241   0.124518   0.071223   0.017374   -0.037006   -0.091886   -0.147219   -0.202865   -0.258378   -0.312840   -0.364782   -0.412301   -0.453161   -0.485339   -0.508001   -0.522185   -0.530256   -0.534490   -0.536392   -0.536678   
0.935294   0.899943   0.863342   0.825210   0.785078   0.742774   0.697941   0.650690   0.601244   0.549969   0.497146   0.442991   0.387692   0.331472   0.274511   0.216813   0.158388   0.099265   0.039474   -0.020948   -0.081962   -0.143528   -0.205571   -0.267810   -0.329504   -0.389293   -0.445301   -0.495195   -0.536408   -0.566964   -0.586815   -0.598128   -0.603943   -0.606643   -0.607452   -0.606782   
0.996552   0.954894   0.913374   0.871144   0.827444   0.781551   0.733139   0.681796   0.627671   0.571195   0.512793   0.452783   0.391430   0.329020   0.265742   0.201561   0.136515   0.070657   0.004039   -0.063289   -0.131280   -0.199879   -0.268949   -0.337993   -0.405883   -0.470810   -0.530503   -0.582188   -0.622993   -0.651280   -0.668072   -0.676706   -0.680699   -0.682247   -0.682192   -0.680617   
1.057958   1.009461   0.961649   0.914828   0.867481   0.818315   0.766414   0.711304   0.652733   0.591084   0.527020   0.461010   0.393410   0.324569   0.254675   0.183697   0.111712   0.038797   -0.034979   -0.109555   -0.184870   -0.260848   -0.337241   -0.413257   -0.487304   -0.557172   -0.620160   -0.673030   -0.712720   -0.738234   -0.751937   -0.758253   -0.760889   -0.761588   -0.760786   -0.758270   
1.120131   1.064855   1.010370   0.957351   0.905772   0.853245   0.798035   0.739280   0.676468   0.609742   0.539957   0.467790   0.393719   0.318194   0.241390   0.163311   0.084073   0.003774   -0.077500   -0.159670   -0.242662   -0.326365   -0.410355   -0.493456   -0.573602   -0.648197   -0.714077   -0.767523   -0.805459   -0.827856   -0.838645   -0.843130   -0.844807   -0.844854   -0.843332   -0.839792   
1.183251   1.121275   1.060086   1.000433   0.942944   0.886565   0.828090   0.765755   0.698911   0.627252   0.551681   0.473188   0.392434   0.309974   0.225968   0.140484   0.053672   -0.034346   -0.123460   -0.213576   -0.304603   -0.396370   -0.488201   -0.578455   -0.664635   -0.743737   -0.812090   -0.865511   -0.901132   -0.920261   -0.928493   -0.931653   -0.932663   -0.932157   -0.929880   -0.925205   
1.246753   1.178755   1.110824   1.044375   0.980221   0.918644   0.856672   0.790927   0.720107   0.643648   0.562247   0.477278   0.389631   0.299978   0.208480   0.115280   0.020566   -0.075508   -0.172811   -0.271231   -0.370655   -0.470808   -0.570684   -0.668145   -0.760288   -0.843668   -0.914062   -0.966873   -0.999716   -1.015637   -1.021792   -1.024059   -1.024591   -1.023558   -1.020456   -1.014517   
1.309506   1.236694   1.162488   1.089144   1.018135   0.950217   0.884006   0.814841   0.740082   0.658960   0.571721   0.480132   0.385378   0.288267   0.188980   0.087748   -0.015197   -0.119670   -0.225516   -0.332599   -0.440779   -0.549623   -0.657718   -0.762434   -0.860464   -0.947883   -1.019876   -1.071517   -1.101261   -1.114219   -1.118819   -1.120512   -1.120668   -1.119088   -1.115067   -1.107727   
1.371164   1.294031   1.214735   1.134710   1.056699   0.981996   0.910370   0.837521   0.758925   0.673220   0.580165   0.481812   0.379732   0.274888   0.167512   0.057930   -0.053582   -0.166801   -0.281543   -0.397649   -0.514939   -0.632763   -0.749232   -0.861248   -0.965079   -1.056286   -1.129435   -1.179388   -1.205883   -1.216260   -1.219785   -1.221117   -1.220940   -1.218757   -1.213712   -1.204835   
1.430124   1.350560   1.266647   1.180930   1.095872   1.014153   0.936260   0.859117   0.776723   0.686461   0.587628   0.482366   0.372737   0.259881   0.144116   0.025859   -0.094557   -0.216868   -0.340862   -0.466355   -0.593105   -0.720177   -0.845165   -0.964521   -1.074062   -1.168795   -1.242654   -1.290473   -1.313738   -1.321994   -1.324836   -1.325935   -1.325425   -1.322568   -1.316391   -1.305834   
1.486144   1.405058   1.317939   1.227237   1.135597   1.046711   0.962094   0.879821   0.793520   0.698728   0.594144   0.481830   0.364428   0.243281   0.118820   -0.008435   -0.138091   -0.269844   -0.403450   -0.538696   -0.675250   -0.811819   -0.945464   -1.072195   -1.187350   -1.285339   -1.359467   -1.404808   -1.425009   -1.431616   -1.434065   -1.435003   -1.434131   -1.430518   -1.423100   -1.410717   
1.539477   1.456988   1.367978   1.273021   1.175742   1.079670   0.988063   0.899939   0.809382   0.710040   0.599742   0.480239   0.354841   0.225119   0.091655   -0.044923   -0.184161   -0.325710   -0.469290   -0.614657   -0.761349   -0.907644   -1.050085   -1.184220   -1.304884   -1.405857   -1.479834   -1.522467   -1.539875   -1.545275   -1.547530   -1.548339   -1.547057   -1.542606   -1.533837   -1.519472   
1.589168   1.506697   1.415833   1.318185   1.215851   1.113017   1.014221   0.919710   0.824372   0.720453   0.604449   0.477626   0.344008   0.205423   0.062649   -0.083582   -0.232748   -0.384449   -0.538367   -0.694220   -0.851373   -1.007617   -1.158985   -1.300551   -1.426613   -1.530302   -1.603741   -1.643552   -1.658497   -1.663075   -1.665268   -1.665953   -1.664203   -1.658828   -1.648594   -1.632083   
1.634151   1.553684   1.461773   1.361994   1.255510   1.146695   1.040589   0.939310   0.838576   0.730017   0.608287   0.474020   0.331953   0.184221   0.031824   -0.124395   -0.283836   -0.446048   -0.610670   -0.777373   -0.945296   -1.111706   -1.272131   -1.421146   -1.552494   -1.658635   -1.731199   -1.768175   -1.781013   -1.785088   -1.787301   -1.787845   -1.785563   -1.779178   -1.767362   -1.748531   


# Torque coefficient

0.002813   0.003718   0.004640   0.005592   0.006581   0.007612   0.008687   0.009805   0.010962   0.012155   0.013381   0.014637   0.015917   0.017214   0.018520   0.019820   0.021108   0.022378   0.023615   0.024795   0.025889   0.026865   0.027703   0.028386   0.028898   0.029214   0.029320   0.029210   0.028897   0.028395   0.027721   0.026885   0.025896   0.024763   0.023497   0.022109   
0.005827   0.007319   0.008858   0.010439   0.012054   0.013698   0.015369   0.017059   0.018759   0.020456   0.022144   0.023824   0.025488   0.027105   0.028634   0.030030   0.031258   0.032287   0.033084   0.033610   0.033843   0.033784   0.033456   0.032887   0.032098   0.031107   0.029930   0.028583   0.027082   0.025442   0.023678   0.021801   0.019822   0.017749   0.015586   0.013342   
0.010950   0.013074   0.015212   0.017359   0.019505   0.021642   0.023775   0.025914   0.028049   0.030140   0.032129   0.033955   0.035566   0.036909   0.037921   0.038545   0.038768   0.038617   0.038133   0.037354   0.036309   0.035029   0.033541   0.031869   0.030032   0.028050   0.025937   0.023709   0.021377   0.018947   0.016425   0.013814   0.011116   0.008335   0.005475   0.002550   
0.017383   0.020019   0.022639   0.025264   0.027911   0.030569   0.033191   0.035699   0.038012   0.040050   0.041722   0.042927   0.043605   0.043770   0.043476   0.042781   0.041739   0.040398   0.038799   0.036980   0.034970   0.032792   0.030465   0.028006   0.025429   0.022742   0.019951   0.017061   0.014071   0.010983   0.007798   0.004517   0.001148   -0.002290   -0.005769   -0.009241   
0.024377   0.027550   0.030763   0.033994   0.037170   0.040183   0.042920   0.045256   0.047042   0.048170   0.048629   0.048492   0.047843   0.046764   0.045325   0.043586   0.041595   0.039389   0.037000   0.034450   0.031754   0.028924   0.025972   0.022903   0.019721   0.016429   0.013026   0.009511   0.005883   0.002143   -0.001702   -0.005636   -0.009625   -0.013606   -0.017498   -0.021211   
0.031935   0.035790   0.039608   0.043249   0.046560   0.049361   0.051456   0.052721   0.053177   0.052935   0.052116   0.050828   0.049160   0.047180   0.044939   0.042480   0.039830   0.037011   0.034039   0.030922   0.027670   0.024289   0.020781   0.017148   0.013392   0.009508   0.005494   0.001347   -0.002931   -0.007329   -0.011818   -0.016337   -0.020793   -0.025070   -0.029045   -0.032610   
0.040097   0.044473   0.048518   0.052011   0.054700   0.056407   0.057135   0.057030   0.056253   0.054947   0.053222   0.051155   0.048806   0.046218   0.043420   0.040434   0.037276   0.033961   0.030492   0.026874   0.023113   0.019212   0.015170   0.010984   0.006648   0.002158   -0.002490   -0.007292   -0.012232   -0.017268   -0.022320   -0.027262   -0.031941   -0.036205   -0.039942   -0.043121   
0.048304   0.052673   0.056249   0.058757   0.060107   0.060438   0.059961   0.058857   0.057267   0.055286   0.052981   0.050400   0.047580   0.044546   0.041313   0.037896   0.034303   0.030542   0.026617   0.022529   0.018279   0.013866   0.009283   0.004525   -0.000415   -0.005540   -0.010848   -0.016320   -0.021906   -0.027510   -0.032978   -0.038123   -0.042761   -0.046771   -0.050134   -0.052948   
0.055377   0.059010   0.061388   0.062531   0.062675   0.062052   0.060839   0.059155   0.057082   0.054678   0.051990   0.049051   0.045879   0.042488   0.038889   0.035092   0.031106   0.026929   0.022564   0.018012   0.013269   0.008328   0.003182   -0.002176   -0.007752   -0.013543   -0.019533   -0.025669   -0.031849   -0.037899   -0.043601   -0.048734   -0.053147   -0.056814   -0.059857   -0.062480   
0.059890   0.062303   0.063487   0.063711   0.063198   0.062101   0.060521   0.058528   0.056177   0.053516   0.050576   0.047374   0.043923   0.040232   0.036308   0.032161   0.027796   0.023212   0.018409   0.013382   0.008126   0.002631   -0.003109   -0.009100   -0.015345   -0.021831   -0.028510   -0.035280   -0.041962   -0.048316   -0.054079   -0.059048   -0.063160   -0.066536   -0.069418   -0.072022   
0.060979   0.062492   0.063132   0.063053   0.062361   0.061129   0.059426   0.057312   0.054838   0.052039   0.048935   0.045535   0.041849   0.037886   0.033658   0.029175   0.024435   0.019439   0.014183   0.008661   0.002864   -0.003215   -0.009582   -0.016242   -0.023191   -0.030390   -0.037747   -0.045090   -0.052171   -0.058694   -0.064387   -0.069113   -0.072953   -0.076173   -0.079048   -0.081781   
0.059160   0.060373   0.061017   0.061084   0.060541   0.059433   0.057809   0.055735   0.053257   0.050401   0.047184   0.043622   0.039728   0.035513   0.030991   0.026171   0.021050   0.015627   0.009896   0.003851   -0.002515   -0.009210   -0.016240   -0.023607   -0.031287   -0.039205   -0.047208   -0.055054   -0.062433   -0.069014   -0.074552   -0.079032   -0.082701   -0.085903   -0.088917   -0.091911   
0.055394   0.056805   0.057733   0.058136   0.057984   0.057211   0.055848   0.053940   0.051538   0.048678   0.045389   0.041693   0.037606   0.033146   0.028330   0.023164   0.017646   0.011776   0.005546   -0.001049   -0.008017   -0.015363   -0.023092   -0.031198   -0.039629   -0.048258   -0.056865   -0.065147   -0.072738   -0.079290   -0.084637   -0.088928   -0.092545   -0.095870   -0.099153   -0.102523   
0.050463   0.052246   0.053648   0.054567   0.054895   0.054608   0.053637   0.052000   0.049741   0.046922   0.043589   0.039774   0.035501   0.030796   0.025679   0.020155   0.014224   0.007883   0.001127   -0.006048   -0.013649   -0.021681   -0.030146   -0.039020   -0.048213   -0.057535   -0.066705   -0.075360   -0.083090   -0.089556   -0.094721   -0.098910   -0.102605   -0.106186   -0.109852   -0.113682   
0.045173   0.047191   0.049064   0.050547   0.051477   0.051720   0.051236   0.049951   0.047898   0.045158   0.041800   0.037875   0.033420   0.028466   0.023039   0.017142   0.010776   0.003940   -0.003368   -0.011153   -0.019419   -0.028172   -0.037407   -0.047075   -0.057032   -0.067026   -0.076723   -0.085699   -0.093503   -0.099854   -0.104879   -0.109076   -0.112981   -0.116935   -0.121074   -0.125426   
0.040088   0.042239   0.044303   0.046275   0.047807   0.048657   0.048677   0.047809   0.046022   0.043393   0.040029   0.036003   0.031365   0.026158   0.020407   0.014118   0.007296   -0.000059   -0.007946   -0.016370   -0.025335   -0.034845   -0.044883   -0.055363   -0.066082   -0.076732   -0.086922   -0.096169   -0.103998   -0.110229   -0.115186   -0.119511   -0.123753   -0.128174   -0.132851   -0.137774   
0.035179   0.037548   0.039790   0.041959   0.043999   0.045445   0.046014   0.045591   0.044116   0.041633   0.038281   0.034159   0.029336   0.023865   0.017777   0.011078   0.003778   -0.004119   -0.012614   -0.021709   -0.031406   -0.041708   -0.052579   -0.063885   -0.075363   -0.086654   -0.097308   -0.106779   -0.114599   -0.120731   -0.125712   -0.130292   -0.134975   -0.139937   -0.145203   -0.150735   
0.030412   0.033055   0.035539   0.037894   0.040161   0.042133   0.043266   0.043305   0.042181   0.039882   0.036555   0.032340   0.027328   0.021584   0.015143   0.008016   0.000217   -0.008249   -0.017379   -0.027175   -0.037640   -0.048770   -0.060500   -0.072642   -0.084877   -0.096796   -0.107883   -0.117539   -0.125331   -0.131407   -0.136522   -0.141478   -0.146684   -0.152243   -0.158139   -0.164315   
0.025798   0.028716   0.031481   0.034066   0.036501   0.038785   0.040449   0.040981   0.040224   0.038138   0.034849   0.030544   0.025338   0.019311   0.012501   0.004927   -0.003394   -0.012454   -0.022249   -0.032779   -0.044046   -0.056035   -0.068648   -0.081635   -0.094627   -0.107162   -0.118655   -0.128462   -0.136221   -0.142310   -0.147675   -0.153106   -0.158901   -0.165101   -0.171662   -0.178516   
0.021380   0.024524   0.027567   0.030416   0.033054   0.035515   0.037597   0.038624   0.038245   0.036398   0.033163   0.028769   0.023363   0.017041   0.009846   0.001806   -0.007060   -0.016741   -0.027229   -0.038525   -0.050628   -0.063509   -0.077024   -0.090866   -0.104616   -0.117755   -0.129630   -0.139559   -0.147298   -0.153487   -0.159217   -0.165203   -0.171637   -0.178515   -0.185775   -0.193339   
0.017152   0.020512   0.023782   0.026903   0.029775   0.032409   0.034753   0.036237   0.036254   0.034661   0.031494   0.027012   0.021399   0.014770   0.007173   -0.001354   -0.010789   -0.021116   -0.032327   -0.044421   -0.057394   -0.071196   -0.085631   -0.100338   -0.114848   -0.128581   -0.140812   -0.150843   -0.158598   -0.164985   -0.171180   -0.177783   -0.184898   -0.192488   -0.200478   -0.208785   
0.013192   0.016667   0.020150   0.023501   0.026625   0.029456   0.031982   0.033838   0.034256   0.032926   0.029840   0.025270   0.019443   0.012492   0.004477   -0.004558   -0.014584   -0.025584   -0.037547   -0.050471   -0.064348   -0.079098   -0.094471   -0.110054   -0.125326   -0.139642   -0.152208   -0.162332   -0.170154   -0.176841   -0.183585   -0.190855   -0.198687   -0.207020   -0.215771   -0.224855   
0.009497   0.013042   0.016664   0.020215   0.023579   0.026626   0.029321   0.031449   0.032252   0.031193   0.028200   0.023539   0.017490   0.010204   0.001753   -0.007810   -0.018451   -0.030150   -0.042895   -0.056681   -0.071494   -0.087219   -0.103547   -0.120017   -0.136053   -0.150943   -0.163824   -0.174042   -0.181999   -0.189082   -0.196445   -0.204423   -0.213004   -0.222111   -0.231654   -0.241549   
0.006036   0.009649   0.013338   0.017058   0.020621   0.023897   0.026772   0.029102   0.030248   0.029460   0.026569   0.021817   0.015536   0.007901   -0.001003   -0.011114   -0.022395   -0.034819   -0.048375   -0.063056   -0.078836   -0.095559   -0.112861   -0.130229   -0.147031   -0.162486   -0.175667   -0.185996   -0.194163   -0.201731   -0.209766   -0.218489   -0.227850   -0.237759   -0.248126   -0.258867   
0.002853   0.006450   0.010212   0.014019   0.017758   0.021252   0.024318   0.026818   0.028245   0.027730   0.024946   0.020101   0.013579   0.005580   -0.003794   -0.014475   -0.026418   -0.039595   -0.053992   -0.069598   -0.086376   -0.104120   -0.122414   -0.140692   -0.158264   -0.174277   -0.187747   -0.198214   -0.206669   -0.214800   -0.223554   -0.233053   -0.243223   -0.253966   -0.265188   -0.276809   
-0.000001   0.003463   0.007256   0.011126   0.015000   0.018677   0.021945   0.024606   0.026252   0.026003   0.023328   0.018387   0.011614   0.003238   -0.006625   -0.017895   -0.030524   -0.044481   -0.059747   -0.076312   -0.094117   -0.112906   -0.132209   -0.151409   -0.169753   -0.186319   -0.200072   -0.210716   -0.219537   -0.228299   -0.237810   -0.248116   -0.259123   -0.270730   -0.282840   -0.295375   

