# ----- Rotor performance tables for the IEA-15-240-RWT-Monopile wind turbine ----- 
# ------------ Written on Jun-05-26 using the ROSCO toolbox ------------ 

# Pitch angle vector, 36 entries - x axis (matrix columns) (deg)
-5.0   -4.0   -3.0   -2.0   -1.0   0.0   1.0   2.0   3.0   4.0   5.0   6.0   7.0   8.0   9.0   10.0   11.0   12.0   13.0   14.0   15.0   16.0   17.0   18.0   19.0   20.0   21.0   22.0   23.0   24.0   25.0   26.0   27.0   28.0   29.0   30.0   
# TSR vector, 26 entries - y axis (matrix rows) (-)
2.0    2.5    3.0    3.5    4.0    4.5    5.0    5.5    6.0    6.5    7.0    7.5    8.0    8.5    9.0    9.5    10.0    10.5    11.0    11.5    12.0    12.5    13.0    13.5    14.0    14.5    
# Wind speed vector - z axis (m/s)
10.74    

# Power coefficient

0.008117   0.010233   0.012427   0.014708   0.017083   0.019551   0.022107   0.024741   0.027452   0.030238   0.033083   0.035974   0.038898   0.041829   0.044755   0.047663   0.050523   0.053303   0.055955   0.058430   0.060680   0.062657   0.064302   0.065548   0.066341   0.066651   0.066484   0.065867   0.064826   0.063387   0.061568   0.059388   0.056873   0.054050   0.050948   0.047587   
0.020424   0.024796   0.029274   0.033842   0.038496   0.043209   0.047952   0.052706   0.057455   0.062210   0.066958   0.071641   0.076177   0.080485   0.084486   0.088085   0.091159   0.093567   0.095191   0.095984   0.095969   0.095204   0.093743   0.091638   0.088939   0.085698   0.081963   0.077785   0.073208   0.068275   0.063021   0.057476   0.051663   0.045600   0.039300   0.032779   
0.043740   0.050962   0.058170   0.065343   0.072505   0.079703   0.086948   0.094153   0.101182   0.107914   0.114214   0.119893   0.124696   0.128349   0.130677   0.131664   0.131398   0.129988   0.127539   0.124161   0.119959   0.115032   0.109468   0.103341   0.096719   0.089658   0.082208   0.074401   0.066260   0.057802   0.049035   0.039966   0.030602   0.020956   0.011058   0.000965   
0.077647   0.087865   0.098167   0.108592   0.119040   0.129318   0.139240   0.148565   0.156938   0.163880   0.168943   0.171930   0.172909   0.172063   0.169598   0.165727   0.160644   0.154525   0.147519   0.139749   0.131316   0.122299   0.112762   0.102751   0.092301   0.081436   0.070166   0.058496   0.046428   0.033963   0.021108   0.007883   -0.005665   -0.019437   -0.033258   -0.046878   
0.121596   0.135983   0.150409   0.164633   0.178332   0.191011   0.201968   0.210416   0.215875   0.218343   0.218109   0.215540   0.211005   0.204833   0.197299   0.188626   0.178990   0.168520   0.157312   0.145437   0.132957   0.119913   0.106334   0.092231   0.077616   0.062491   0.046852   0.030689   0.014000   -0.003198   -0.020856   -0.038848   -0.056935   -0.074752   -0.091869   -0.107883   
0.177102   0.196258   0.214753   0.231825   0.246415   0.257402   0.264204   0.266949   0.266168   0.262462   0.256393   0.248414   0.238873   0.228032   0.216081   0.203152   0.189345   0.174738   0.159388   0.143332   0.126595   0.109200   0.091161   0.072471   0.053114   0.033070   0.012326   -0.009119   -0.031228   -0.053889   -0.076865   -0.099736   -0.121915   -0.142758   -0.161713   -0.178379   
0.243892   0.266604   0.286351   0.301618   0.311422   0.315867   0.315754   0.311986   0.305332   0.296381   0.285551   0.273143   0.259387   0.244442   0.228420   0.211402   0.193441   0.174580   0.154857   0.134301   0.112915   0.090696   0.067625   0.043679   0.018828   -0.006952   -0.033655   -0.061214   -0.089457   -0.118025   -0.146306   -0.173445   -0.198548   -0.220914   -0.240130   -0.256259   
0.316153   0.337856   0.353061   0.361358   0.363725   0.361462   0.355611   0.346935   0.335936   0.322945   0.308243   0.292049   0.274494   0.255673   0.235647   0.214468   0.192180   0.168806   0.144363   0.118854   0.092273   0.064590   0.035765   0.005761   -0.025447   -0.057858   -0.091392   -0.125818   -0.160666   -0.195140   -0.228112   -0.258385   -0.285047   -0.307622   -0.326356   -0.342232   
0.381009   0.396448   0.404149   0.405774   0.402752   0.396116   0.386573   0.374520   0.360279   0.344082   0.326121   0.306524   0.285372   0.262724   0.238617   0.213087   0.186165   0.157879   0.128232   0.097204   0.064757   0.030847   -0.004569   -0.041528   -0.080034   -0.120010   -0.161196   -0.203044   -0.244607   -0.284512   -0.321204   -0.353433   -0.380525   -0.402793   -0.421523   -0.438113   
0.425026   0.434434   0.437918   0.436554   0.431190   0.422417   0.410699   0.396418   0.379832   0.361109   0.340329   0.317558   0.292857   0.266275   0.237865   0.207677   0.175738   0.142055   0.106612   0.069365   0.030267   -0.010726   -0.053653   -0.098538   -0.145333   -0.193786   -0.243313   -0.292866   -0.340898   -0.385499   -0.424927   -0.458097   -0.485140   -0.507569   -0.527248   -0.545587   
0.445065   0.452933   0.456647   0.455900   0.450809   0.441768   0.429285   0.413868   0.395757   0.375011   0.351647   0.325756   0.297429   0.266741   0.233759   0.198530   0.161078   0.121397   0.079452   0.035201   -0.011400   -0.060398   -0.111833   -0.165691   -0.221778   -0.279539   -0.337890   -0.395180   -0.449243   -0.497775   -0.539028   -0.572570   -0.599892   -0.623381   -0.645132   -0.666473   
0.446947   0.456641   0.462712   0.464956   0.462465   0.455126   0.443395   0.427819   0.408765   0.386317   0.360528   0.331532   0.299460   0.264418   0.226491   0.185740   0.142192   0.095834   0.046627   -0.005471   -0.060505   -0.118516   -0.179527   -0.243433   -0.309783   -0.377549   -0.445033   -0.509953   -0.569559   -0.621264   -0.663664   -0.697654   -0.726014   -0.751737   -0.776899   -0.802627   
0.434945   0.448421   0.458877   0.465208   0.466936   0.463115   0.453550   0.438722   0.419249   0.395412   0.367321   0.335166   0.299145   0.259420   0.216116   0.169314   0.119035   0.065260   0.007957   -0.052906   -0.117365   -0.185458   -0.257169   -0.332209   -0.409725   -0.488064   -0.564908   -0.637297   -0.701923   -0.756117   -0.799401   -0.834360   -0.864878   -0.894253   -0.924289   -0.955696   
0.414682   0.431451   0.446503   0.458327   0.465099   0.466030   0.459933   0.446827   0.427485   0.402538   0.372202   0.336778   0.296571   0.251812   0.202664   0.149218   0.091496   0.029500   -0.036783   -0.107377   -0.182316   -0.261627   -0.345202   -0.432454   -0.521955   -0.611386   -0.697767   -0.777434   -0.846527   -0.902694   -0.947037   -0.983864   -1.018004   -1.052566   -1.088867   -1.127097   
0.390201   0.409515   0.428038   0.445046   0.457926   0.464173   0.462635   0.452218   0.433586   0.407790   0.375270   0.336469   0.291817   0.241622   0.186093   0.125345   0.059432   -0.011623   -0.087820   -0.169175   -0.255716   -0.347446   -0.444081   -0.544595   -0.646847   -0.747870   -0.843942   -0.930615   -1.003661   -1.061550   -1.107507   -1.147542   -1.186928   -1.228178   -1.271994   -1.318089   
0.362473   0.385031   0.406398   0.427051   0.445678   0.458170   0.461642   0.454847   0.437606   0.411264   0.376622   0.334303   0.284894   0.228812   0.166327   0.097595   0.022702   -0.058305   -0.145409   -0.238618   -0.337951   -0.443356   -0.554269   -0.669049   -0.784814   -0.897904   -1.003785   -1.097150   -1.173707   -1.233408   -1.281949   -1.326855   -1.373100   -1.422410   -1.474880   -1.529849   
0.331285   0.357999   0.382987   0.406618   0.429289   0.447929   0.457230   0.454752   0.439595   0.413024   0.376299   0.330285   0.275786   0.213342   0.143296   0.065855   -0.018854   -0.110758   -0.209823   -0.316043   -0.429428   -0.549811   -0.676218   -0.806246   -0.936287   -1.061904   -1.177659   -1.277401   -1.357149   -1.419136   -1.471665   -1.523200   -1.577815   -1.636438   -1.698650   -1.763513   
0.296616   0.328143   0.357486   0.384726   0.410305   0.434050   0.449599   0.451923   0.439539   0.413086   0.374310   0.324423   0.264479   0.195166   0.116915   0.029996   -0.065418   -0.169219   -0.281355   -0.401808   -0.530565   -0.667262   -0.810362   -0.956628   -1.101711   -1.240304   -1.365943   -1.471764   -1.554618   -1.619768   -1.678010   -1.737854   -1.802228   -1.871344   -1.944378   -2.020196   
0.259020   0.295301   0.329575   0.361090   0.390078   0.417081   0.438698   0.446505   0.437409   0.411457   0.370674   0.316717   0.250947   0.174222   0.087079   -0.010132   -0.117183   -0.233936   -0.360313   -0.496279   -0.641777   -0.796151   -0.957138   -1.120656   -1.281547   -1.433545   -1.569049   -1.680679   -1.766878   -1.836465   -1.902257   -1.971970   -2.047397   -2.128157   -2.213113   -2.301005   
0.218894   0.259864   0.299096   0.335463   0.368459   0.398528   0.424981   0.438607   0.433222   0.408147   0.365401   0.307159   0.235147   0.150428   0.053671   -0.054685   -0.174358   -0.305166   -0.447004   -0.599821   -0.763481   -0.936915   -1.116997   -1.298798   -1.476262   -1.642069   -1.787411   -1.904671   -1.994819   -2.070428   -2.145566   -2.226594   -2.314318   -2.407877   -2.505899   -2.607045   
0.176869   0.222207   0.266210   0.307665   0.345211   0.378834   0.408666   0.428166   0.426961   0.403157   0.358488   0.295720   0.217021   0.123696   0.016566   -0.103834   -0.237154   -0.383168   -0.541744   -0.712808   -0.896098   -1.089982   -1.290396   -1.491528   -1.686332   -1.866326   -2.021484   -2.144380   -2.239425   -2.322824   -2.408992   -2.502701   -2.603949   -2.711492   -2.823781   -2.939420   
0.134619   0.182594   0.231332   0.277626   0.320159   0.357832   0.390751   0.415333   0.418702   0.396477   0.349917   0.282360   0.196504   0.093931   -0.024369   -0.157748   -0.305784   -0.468207   -0.644851   -0.835619   -1.040044   -1.255785   -1.477797   -1.699321   -1.912232   -2.106781   -2.271755   -2.400540   -2.501725   -2.594748   -2.693515   -2.801225   -2.917231   -3.039985   -3.167802   -3.299233   
0.091920   0.142359   0.194473   0.245629   0.293188   0.335384   0.371714   0.400325   0.408515   0.388076   0.339660   0.267036   0.173524   0.061029   -0.069267   -0.216599   -0.380468   -0.560552   -0.756651   -0.968630   -1.195734   -1.434760   -1.679665   -1.922656   -2.154444   -2.363917   -2.538765   -2.673950   -2.782738   -2.887207   -3.000052   -3.123074   -3.255097   -3.394341   -3.539000   -3.687582   
0.048544   0.101804   0.156339   0.211884   0.264279   0.311378   0.351489   0.383312   0.396353   0.377928   0.327687   0.249698   0.148009   0.024892   -0.118265   -0.280566   -0.461430   -0.660477   -0.877471   -1.112219   -1.363573   -1.627347   -1.896465   -2.162015   -2.413453   -2.638237   -2.823108   -2.965455   -3.083459   -3.201136   -3.329490   -3.469138   -3.618480   -3.775543   -3.938406   -4.105568   
0.006196   0.060411   0.117882   0.176428   0.233657   0.285725   0.329981   0.364852   0.382175   0.366023   0.313962   0.230293   0.119884   -0.014588   -0.171505   -0.349833   -0.548897   -0.768259   -1.007638   -1.266762   -1.543965   -1.833987   -2.128665   -2.417880   -2.689759   -2.930263   -3.125425   -3.275920   -3.404846   -3.537425   -3.682692   -3.840300   -4.008306   -4.184569   -4.367045   -4.554295   
-0.033644   0.018932   0.078800   0.139970   0.201500   0.258360   0.307096   0.345135   0.366089   0.352329   0.298450   0.208770   0.089070   -0.057521   -0.229135   -0.424585   -0.643100   -0.884174   -1.147481   -1.432636   -1.737316   -2.055121   -2.376734   -2.690740   -2.983872   -3.240541   -3.446402   -3.606209   -3.747823   -3.896929   -4.060507   -4.237439   -4.425503   -4.622394   -4.825940   -5.034871   


#  Thrust coefficient

0.074581   0.074245   0.073979   0.073801   0.073724   0.073760   0.073914   0.074177   0.074561   0.075072   0.075701   0.076439   0.077281   0.078200   0.079181   0.080201   0.081220   0.082199   0.083094   0.083856   0.084449   0.084829   0.084947   0.084745   0.084172   0.083199   0.081828   0.080082   0.077984   0.075554   0.072807   0.069759   0.066431   0.062852   0.059046   0.055032   
0.097366   0.097991   0.098798   0.099776   0.100946   0.102295   0.103799   0.105447   0.107213   0.109092   0.111055   0.113029   0.114926   0.116670   0.118189   0.119402   0.120202   0.120460   0.120067   0.118976   0.117205   0.114802   0.111814   0.108287   0.104264   0.099787   0.094899   0.089641   0.084057   0.078187   0.072065   0.065717   0.059166   0.052431   0.045530   0.038482   
0.131601   0.133794   0.136191   0.138768   0.141538   0.144519   0.147702   0.150981   0.154203   0.157250   0.159999   0.162281   0.163863   0.164490   0.163993   0.162354   0.159650   0.155977   0.151429   0.146099   0.140078   0.133449   0.126289   0.118666   0.110642   0.102273   0.093608   0.084681   0.075521   0.066146   0.056573   0.046816   0.036893   0.026828   0.016664   0.006474   
0.178124   0.182078   0.186383   0.191060   0.195993   0.200959   0.205766   0.210187   0.213889   0.216421   0.217350   0.216482   0.213880   0.209714   0.204172   0.197442   0.189691   0.181071   0.171709   0.161718   0.151190   0.140205   0.128826   0.117107   0.105093   0.092814   0.080290   0.067537   0.054572   0.041408   0.028069   0.014594   0.001051   -0.012444   -0.025701   -0.038460   
0.237091   0.243745   0.250800   0.257971   0.264926   0.271183   0.276056   0.278768   0.278842   0.276277   0.271354   0.264422   0.255819   0.245837   0.234714   0.222645   0.209788   0.196266   0.182171   0.167585   0.152584   0.137224   0.121547   0.105578   0.089344   0.072869   0.056165   0.039244   0.022129   0.004859   -0.012494   -0.029783   -0.046751   -0.063030   -0.078214   -0.091947   
0.310723   0.320688   0.330464   0.339250   0.345966   0.349469   0.349167   0.345201   0.338106   0.328473   0.316829   0.303590   0.289064   0.273480   0.257010   0.239782   0.221911   0.203496   0.184618   0.165333   0.145685   0.125722   0.105481   0.084979   0.064225   0.043228   0.021998   0.000567   -0.021000   -0.042561   -0.063858   -0.084473   -0.103850   -0.121412   -0.136713   -0.149469   
0.400722   0.412963   0.422699   0.428309   0.428764   0.424188   0.415435   0.403445   0.388997   0.372655   0.354798   0.335690   0.315533   0.294495   0.272711   0.250295   0.227329   0.203885   0.180033   0.155832   0.131313   0.106502   0.081411   0.056046   0.030412   0.004520   -0.021583   -0.047795   -0.073912   -0.099568   -0.124177   -0.146966   -0.167167   -0.184244   -0.197939   -0.208362   
0.504373   0.513891   0.517047   0.513384   0.503973   0.490258   0.473417   0.454268   0.433297   0.410800   0.387029   0.362200   0.336470   0.309975   0.282816   0.255088   0.226873   0.198231   0.169212   0.139851   0.110175   0.080190   0.049895   0.019298   -0.011584   -0.042701   -0.073932   -0.105014   -0.135483   -0.164605   -0.191388   -0.214832   -0.234259   -0.249389   -0.260494   -0.268373   
0.611329   0.611199   0.603044   0.588848   0.570388   0.548905   0.525176   0.499607   0.472506   0.444092   0.414559   0.384074   0.352772   0.320763   0.288127   0.254944   0.221283   0.187205   0.152749   0.117934   0.082763   0.047241   0.011374   -0.024821   -0.061296   -0.097922   -0.134405   -0.170212   -0.204492   -0.236067   -0.263662   -0.286341   -0.303699   -0.316086   -0.324537   -0.330143   
0.708904   0.696562   0.678238   0.655680   0.630061   0.602061   0.572099   0.540513   0.507566   0.473444   0.438274   0.402169   0.365241   0.327579   0.289279   0.250428   0.211089   0.171305   0.131098   0.090475   0.049439   0.008005   -0.033806   -0.075957   -0.118337   -0.160656   -0.202344   -0.242473   -0.279743   -0.312606   -0.339743   -0.360455   -0.374987   -0.384559   -0.390607   -0.394219   
0.791970   0.769927   0.744341   0.715707   0.684367   0.650681   0.615050   0.577879   0.539399   0.499732   0.458931   0.417116   0.374411   0.330928   0.286767   0.242004   0.196696   0.150875   0.104553   0.057748   0.010478   -0.037236   -0.085364   -0.133823   -0.182363   -0.230433   -0.277076   -0.320923   -0.360243   -0.393279   -0.418830   -0.436754   -0.448288   -0.455254   -0.459235   -0.461236   
0.864099   0.834781   0.803320   0.769868   0.733945   0.695531   0.654936   0.612559   0.568703   0.523501   0.477012   0.429377   0.380744   0.331232   0.280946   0.229967   0.178353   0.126138   0.073341   0.019987   -0.033898   -0.088276   -0.143091   -0.198169   -0.253035   -0.306769   -0.357968   -0.404836   -0.445281   -0.477452   -0.500508   -0.515296   -0.523941   -0.528668   -0.531022   -0.531820   
0.929007   0.893677   0.857281   0.819340   0.779552   0.737250   0.692296   0.645028   0.595900   0.545173   0.492935   0.439334   0.384549   0.328738   0.272030   0.214519   0.156262   0.097290   0.037640   -0.022647   -0.083523   -0.144942   -0.206802   -0.268759   -0.330019   -0.389203   -0.444502   -0.493686   -0.534351   -0.564721   -0.584689   -0.596288   -0.602375   -0.605357   -0.606544   -0.606399   
0.990842   0.949171   0.907618   0.865547   0.821932   0.776175   0.727395   0.675604   0.621341   0.565078   0.506957   0.447184   0.386011   0.323637   0.260212   0.195834   0.130563   0.064460   -0.002415   -0.070005   -0.138253   -0.207092   -0.276329   -0.345370   -0.412992   -0.477371   -0.536287   -0.587083   -0.627088   -0.654867   -0.671459   -0.680051   -0.684110   -0.685860   -0.686214   -0.685215   
1.052454   1.003830   0.956085   0.909221   0.861920   0.812629   0.760434   0.704490   0.645216   0.583365   0.519237   0.453110   0.385314   0.316091   0.245616   0.174011   0.101369   0.027775   -0.046695   -0.121967   -0.197972   -0.274610   -0.351529   -0.427795   -0.501688   -0.570989   -0.633029   -0.684703   -0.723224   -0.747823   -0.760996   -0.767037   -0.769651   -0.770587   -0.770274   -0.768380   
1.114826   1.059143   1.004507   0.951538   0.899884   0.847189   0.791488   0.731699   0.667621   0.600186   0.529939   0.457259   0.382572   0.306191   0.228337   0.149164   0.068797   -0.012656   -0.095098   -0.178440   -0.262594   -0.347403   -0.432280   -0.515844   -0.595898   -0.669823   -0.734477   -0.786292   -0.822579   -0.843644   -0.853619   -0.857736   -0.859410   -0.859793   -0.858844   -0.855943   
1.178212   1.115434   1.053797   0.993957   0.936498   0.879893   0.820781   0.757320   0.688668   0.615662   0.539170   0.459717   0.377874   0.294037   0.208478   0.121391   0.032937   -0.056749   -0.147549   -0.239354   -0.332059   -0.425397   -0.518463   -0.609352   -0.695443   -0.773679   -0.840416   -0.891657   -0.925061   -0.942491   -0.949746   -0.952561   -0.953666   -0.953614   -0.951977   -0.947922   
1.242561   1.172804   1.104015   1.037082   0.972742   0.911173   0.848549   0.781402   0.708396   0.629860   0.547004   0.460575   0.371316   0.279721   0.186123   0.090770   -0.006141   -0.104442   -0.203992   -0.304663   -0.406318   -0.508519   -0.609952   -0.708180   -0.800174   -0.882401   -0.950660   -1.000643   -1.030682   -1.044632   -1.049801   -1.051819   -1.052580   -1.052114   -1.049689   -1.044320   
1.306798   1.231060   1.155112   1.080922   1.009463   0.941447   0.874817   0.804082   0.726826   0.642848   0.553529   0.459923   0.362981   0.263315   0.161339   0.057358   -0.048383   -0.155688   -0.264387   -0.374327   -0.485321   -0.596697   -0.706641   -0.812216   -0.909966   -0.995847   -1.065063   -1.113143   -1.139554   -1.150400   -1.154128   -1.155711   -1.156239   -1.155316   -1.151976   -1.145129   
1.370189   1.289349   1.207013   1.125475   1.046710   0.971643   0.899905   0.825493   0.744023   0.654693   0.558825   0.457835   0.352932   0.244876   0.134175   0.021203   -0.093751   -0.210451   -0.328695   -0.448307   -0.569023   -0.689860   -0.808441   -0.921364   -1.024710   -1.113893   -1.183507   -1.229113   -1.251863   -1.260139   -1.262974   -1.264352   -1.264683   -1.263222   -1.258832   -1.250345   
1.431980   1.346997   1.259232   1.170694   1.084445   1.002105   0.924006   0.845655   0.760027   0.665454   0.562956   0.454365   0.341218   0.224449   0.104674   -0.017660   -0.142208   -0.268694   -0.396884   -0.526575   -0.657388   -0.787940   -0.915277   -1.035539   -1.144313   -1.236430   -1.305900   -1.348592   -1.367847   -1.374141   -1.376500   -1.377806   -1.377920   -1.375825   -1.370252   -1.359955   
1.490111   1.403649   1.310967   1.216394   1.122647   1.032848   0.947761   0.864708   0.774940   0.675174   0.565966   0.449558   0.327882   0.202071   0.072869   -0.059195   -0.193721   -0.330388   -0.468930   -0.609108   -0.750379   -0.890876   -1.027083   -1.154668   -1.268692   -1.363370   -1.432181   -1.471680   -1.487755   -1.492636   -1.494806   -1.496103   -1.495950   -1.493116   -1.486229   -1.473945   
1.545064   1.457573   1.362114   1.262001   1.161292   1.063880   0.971544   0.882842   0.788865   0.683873   0.567896   0.443455   0.312958   0.177778   0.038795   -0.103373   -0.248264   -0.395513   -0.544814   -0.695885   -0.847960   -0.998617   -1.143801   -1.278684   -1.397774   -1.494643   -1.562328   -1.598511   -1.611814   -1.615779   -1.617949   -1.619256   -1.618768   -1.615089   -1.606753   -1.592291   
1.597316   1.508502   1.411780   1.307138   1.200265   1.095209   0.995409   0.900197   0.801811   0.691578   0.568781   0.436089   0.296481   0.151602   0.002480   -0.150169   -0.305819   -0.464051   -0.624520   -0.786885   -0.950093   -1.111119   -1.265382   -1.407529   -1.531494   -1.630200   -1.696360   -1.729238   -1.740215   -1.743674   -1.745962   -1.747265   -1.746366   -1.741735   -1.731809   -1.714967   
1.645182   1.557246   1.458844   1.351757   1.239155   1.126826   1.019365   0.917146   0.813788   0.698332   0.568656   0.427496   0.278485   0.123570   -0.036053   -0.199567   -0.366369   -0.535988   -0.708033   -0.882089   -1.056741   -1.228340   -1.391777   -1.541152   -1.669805   -1.770010   -1.834319   -1.864012   -1.873118   -1.876387   -1.878861   -1.880126   -1.878735   -1.873041   -1.861379   -1.841944   
1.687393   1.603175   1.503804   1.394993   1.277657   1.158684   1.043412   0.933872   0.824907   0.704159   0.567553   0.417707   0.258994   0.093703   -0.076789   -0.251550   -0.429901   -0.611311   -0.795342   -0.981478   -1.167873   -1.350246   -1.522948   -1.679507   -1.812670   -1.914060   -1.976274   -2.002978   -2.010649   -2.013962   -2.016652   -2.017831   -2.015866   -2.008994   -1.995442   -1.973197   


# Torque coefficient

0.004069   0.005129   0.006229   0.007372   0.008562   0.009799   0.011081   0.012401   0.013760   0.015156   0.016582   0.018031   0.019497   0.020965   0.022432   0.023890   0.025323   0.026717   0.028046   0.029286   0.030414   0.031405   0.032229   0.032854   0.033251   0.033407   0.033323   0.033014   0.032492   0.031771   0.030859   0.029767   0.028506   0.027091   0.025536   0.023852   
0.008189   0.009942   0.011738   0.013570   0.015436   0.017326   0.019228   0.021134   0.023038   0.024945   0.026849   0.028727   0.030545   0.032273   0.033877   0.035320   0.036553   0.037518   0.038169   0.038487   0.038481   0.038174   0.037589   0.036745   0.035662   0.034363   0.032865   0.031190   0.029355   0.027377   0.025270   0.023047   0.020716   0.018284   0.015759   0.013143   
0.014616   0.017029   0.019437   0.021834   0.024227   0.026632   0.029053   0.031461   0.033810   0.036059   0.038164   0.040062   0.041667   0.042888   0.043665   0.043995   0.043906   0.043435   0.042617   0.041488   0.040084   0.038438   0.036578   0.034531   0.032318   0.029959   0.027469   0.024861   0.022141   0.019315   0.016385   0.013355   0.010225   0.007002   0.003695   0.000323   
0.022239   0.025166   0.028116   0.031102   0.034094   0.037038   0.039880   0.042551   0.044949   0.046937   0.048387   0.049243   0.049523   0.049281   0.048575   0.047466   0.046010   0.044258   0.042251   0.040026   0.037610   0.035028   0.032296   0.029429   0.026436   0.023324   0.020096   0.016754   0.013298   0.009728   0.006045   0.002258   -0.001623   -0.005567   -0.009526   -0.013426   
0.030473   0.034079   0.037694   0.041259   0.044692   0.047869   0.050615   0.052733   0.054101   0.054719   0.054660   0.054017   0.052880   0.051333   0.049445   0.047272   0.044857   0.042233   0.039424   0.036448   0.033320   0.030052   0.026648   0.023114   0.019451   0.015661   0.011742   0.007691   0.003509   -0.000802   -0.005227   -0.009736   -0.014269   -0.018734   -0.023023   -0.027037   
0.039452   0.043719   0.047839   0.051642   0.054893   0.057340   0.058855   0.059467   0.059293   0.058467   0.057115   0.055338   0.053213   0.050798   0.048135   0.045255   0.042179   0.038925   0.035506   0.031929   0.028201   0.024326   0.020307   0.016144   0.011832   0.007367   0.002746   -0.002031   -0.006956   -0.012005   -0.017123   -0.022218   -0.027158   -0.031801   -0.036024   -0.039737   
0.048898   0.053451   0.057410   0.060471   0.062437   0.063328   0.063305   0.062550   0.061216   0.059421   0.057250   0.054762   0.052004   0.049008   0.045796   0.042384   0.038783   0.035001   0.031047   0.026926   0.022638   0.018184   0.013558   0.008757   0.003775   -0.001394   -0.006747   -0.012273   -0.017935   -0.023663   -0.029333   -0.034774   -0.039807   -0.044291   -0.048143   -0.051377   
0.057623   0.061578   0.064350   0.065862   0.066293   0.065881   0.064814   0.063233   0.061228   0.058861   0.056181   0.053229   0.050030   0.046599   0.042949   0.039089   0.035027   0.030767   0.026312   0.021663   0.016818   0.011772   0.006519   0.001050   -0.004638   -0.010545   -0.016657   -0.022932   -0.029283   -0.035567   -0.041576   -0.047094   -0.051953   -0.056068   -0.059482   -0.062376   
0.063656   0.066236   0.067523   0.067794   0.067289   0.066181   0.064586   0.062572   0.060193   0.057487   0.054486   0.051212   0.047678   0.043894   0.039867   0.035601   0.031103   0.026377   0.021424   0.016240   0.010819   0.005154   -0.000763   -0.006938   -0.013372   -0.020051   -0.026932   -0.033923   -0.040867   -0.047534   -0.053665   -0.059049   -0.063576   -0.067296   -0.070425   -0.073197   
0.065548   0.066999   0.067537   0.067326   0.066499   0.065146   0.063339   0.061136   0.058578   0.055691   0.052486   0.048974   0.045165   0.041065   0.036684   0.032028   0.027103   0.021908   0.016442   0.010698   0.004668   -0.001654   -0.008274   -0.015197   -0.022414   -0.029886   -0.037524   -0.045166   -0.052574   -0.059452   -0.065533   -0.070649   -0.074819   -0.078278   -0.081313   -0.084141   
0.063736   0.064863   0.065395   0.065288   0.064559   0.063264   0.061476   0.059268   0.056675   0.053704   0.050358   0.046650   0.042594   0.038199   0.033476   0.028431   0.023067   0.017385   0.011378   0.005041   -0.001633   -0.008649   -0.016015   -0.023728   -0.031760   -0.040032   -0.048388   -0.056592   -0.064334   -0.071284   -0.077192   -0.081995   -0.085908   -0.089272   -0.092387   -0.095443   
0.059738   0.061034   0.061846   0.062146   0.061813   0.060832   0.059264   0.057182   0.054635   0.051635   0.048188   0.044312   0.040026   0.035342   0.030273   0.024826   0.019005   0.012809   0.006232   -0.000731   -0.008087   -0.015841   -0.023995   -0.032537   -0.041405   -0.050463   -0.059483   -0.068160   -0.076127   -0.083038   -0.088705   -0.093248   -0.097038   -0.100476   -0.103839   -0.107278   
0.054501   0.056189   0.057500   0.058293   0.058510   0.058031   0.056832   0.054974   0.052534   0.049547   0.046027   0.041998   0.037484   0.032507   0.027081   0.021216   0.014916   0.008177   0.000997   -0.006629   -0.014707   -0.023239   -0.032225   -0.041627   -0.051341   -0.061157   -0.070786   -0.079857   -0.087955   -0.094745   -0.100169   -0.104550   -0.108374   -0.112055   -0.115818   -0.119754   
0.048905   0.050883   0.052658   0.054053   0.054851   0.054961   0.054242   0.052696   0.050415   0.047473   0.043895   0.039718   0.034976   0.029697   0.023901   0.017598   0.010791   0.003479   -0.004338   -0.012663   -0.021501   -0.030855   -0.040711   -0.051001   -0.061556   -0.072103   -0.082291   -0.091686   -0.099835   -0.106459   -0.111688   -0.116031   -0.120058   -0.124134   -0.128415   -0.132923   
0.043462   0.045613   0.047676   0.049570   0.051005   0.051701   0.051529   0.050369   0.048294   0.045421   0.041799   0.037477   0.032503   0.026912   0.020727   0.013961   0.006620   -0.001295   -0.009782   -0.018843   -0.028482   -0.038699   -0.049463   -0.060658   -0.072047   -0.083300   -0.094000   -0.103654   -0.111790   -0.118238   -0.123357   -0.127816   -0.132203   -0.136797   -0.141678   -0.146812   
0.038248   0.040629   0.042883   0.045063   0.047028   0.048346   0.048713   0.047996   0.046176   0.043397   0.039741   0.035276   0.030062   0.024144   0.017551   0.010298   0.002396   -0.006152   -0.015344   -0.025179   -0.035661   -0.046783   -0.058487   -0.070598   -0.082814   -0.094747   -0.105920   -0.115772   -0.123850   -0.130149   -0.135271   -0.140010   -0.144890   -0.150093   -0.155630   -0.161430   
0.033209   0.035887   0.038392   0.040761   0.043034   0.044902   0.045835   0.045586   0.044067   0.041403   0.037722   0.033109   0.027646   0.021386   0.014365   0.006602   -0.001890   -0.011103   -0.021034   -0.031681   -0.043048   -0.055115   -0.067787   -0.080821   -0.093857   -0.106450   -0.118053   -0.128052   -0.136046   -0.142260   -0.147526   -0.152692   -0.158167   -0.164043   -0.170280   -0.176782   
0.028318   0.031328   0.034129   0.036730   0.039172   0.041439   0.042924   0.043145   0.041963   0.039438   0.035736   0.030973   0.025250   0.018633   0.011162   0.002864   -0.006245   -0.016155   -0.026861   -0.038361   -0.050653   -0.063704   -0.077366   -0.091330   -0.105181   -0.118413   -0.130408   -0.140510   -0.148420   -0.154640   -0.160201   -0.165914   -0.172060   -0.178658   -0.185631   -0.192869   
0.023605   0.026911   0.030034   0.032906   0.035548   0.038009   0.039979   0.040690   0.039862   0.037497   0.033780   0.028863   0.022869   0.015877   0.007936   -0.000923   -0.010679   -0.021319   -0.032836   -0.045226   -0.058486   -0.072554   -0.087225   -0.102127   -0.116789   -0.130641   -0.142989   -0.153162   -0.161017   -0.167359   -0.173355   -0.179708   -0.186581   -0.193941   -0.201683   -0.209693   
0.019081   0.022652   0.026072   0.029242   0.032118   0.034739   0.037045   0.038233   0.037763   0.035578   0.031852   0.026775   0.020497   0.013113   0.004678   -0.004767   -0.015199   -0.026601   -0.038965   -0.052286   -0.066552   -0.081670   -0.097367   -0.113215   -0.128684   -0.143137   -0.155807   -0.166028   -0.173886   -0.180477   -0.187027   -0.194090   -0.201736   -0.209892   -0.218436   -0.227253   
0.014775   0.018562   0.022238   0.025701   0.028838   0.031647   0.034139   0.035768   0.035667   0.033678   0.029947   0.024703   0.018129   0.010333   0.001384   -0.008674   -0.019811   -0.032009   -0.045256   -0.059546   -0.074857   -0.091054   -0.107796   -0.124597   -0.140871   -0.155907   -0.168868   -0.179135   -0.187074   -0.194041   -0.201240   -0.209068   -0.217526   -0.226509   -0.235890   -0.245550   
0.010796   0.014643   0.018552   0.022264   0.025675   0.028696   0.031336   0.033308   0.033578   0.031796   0.028062   0.022644   0.015759   0.007533   -0.001954   -0.012651   -0.024522   -0.037548   -0.051714   -0.067013   -0.083407   -0.100708   -0.118512   -0.136278   -0.153352   -0.168954   -0.182184   -0.192512   -0.200627   -0.208087   -0.216007   -0.224645   -0.233948   -0.243793   -0.254043   -0.264583   
0.007088   0.010977   0.014996   0.018941   0.022608   0.025862   0.028663   0.030869   0.031501   0.029925   0.026191   0.020591   0.013381   0.004706   -0.005341   -0.016702   -0.029338   -0.043225   -0.058346   -0.074692   -0.092204   -0.110636   -0.129520   -0.148258   -0.166131   -0.182284   -0.195766   -0.206191   -0.214579   -0.222635   -0.231337   -0.240823   -0.251004   -0.261741   -0.272895   -0.284353   
0.003605   0.007559   0.011609   0.015733   0.019624   0.023121   0.026100   0.028463   0.029431   0.028063   0.024332   0.018541   0.010990   0.001848   -0.008782   -0.020833   -0.034263   -0.049044   -0.065157   -0.082588   -0.101252   -0.120839   -0.140822   -0.160540   -0.179211   -0.195902   -0.209630   -0.220200   -0.228962   -0.237700   -0.247231   -0.257601   -0.268690   -0.280353   -0.292446   -0.304859   
0.000444   0.004326   0.008441   0.012633   0.016731   0.020459   0.023628   0.026124   0.027365   0.026208   0.022481   0.016490   0.008584   -0.001045   -0.012280   -0.025049   -0.039303   -0.055010   -0.072150   -0.090704   -0.110553   -0.131319   -0.152419   -0.173127   -0.192595   -0.209816   -0.223790   -0.234566   -0.243797   -0.253290   -0.263692   -0.274977   -0.287007   -0.299628   -0.312693   -0.326101   
-0.002326   0.001309   0.005448   0.009677   0.013930   0.017861   0.021231   0.023861   0.025309   0.024358   0.020633   0.014433   0.006158   -0.003977   -0.015841   -0.029353   -0.044460   -0.061126   -0.079330   -0.099044   -0.120107   -0.142079   -0.164313   -0.186021   -0.206287   -0.224031   -0.238263   -0.249311   -0.259102   -0.269410   -0.280719   -0.292951   -0.305952   -0.319564   -0.333636   -0.348080   

