# ----- Rotor performance tables for the IEA-15-240-RWT-Monopile wind turbine ----- 
# ------------ Written on Jun-06-26 using the ROSCO toolbox ------------ 

# Pitch angle vector, 36 entries - x axis (matrix columns) (deg)
-5.0   -4.0   -3.0   -2.0   -1.0   0.0   1.0   2.0   3.0   4.0   5.0   6.0   7.0   8.0   9.0   10.0   11.0   12.0   13.0   14.0   15.0   16.0   17.0   18.0   19.0   20.0   21.0   22.0   23.0   24.0   25.0   26.0   27.0   28.0   29.0   30.0   
# TSR vector, 26 entries - y axis (matrix rows) (-)
2.0    2.5    3.0    3.5    4.0    4.5    5.0    5.5    6.0    6.5    7.0    7.5    8.0    8.5    9.0    9.5    10.0    10.5    11.0    11.5    12.0    12.5    13.0    13.5    14.0    14.5    
# Wind speed vector - z axis (m/s)
10.74    

# Power coefficient

0.006352   0.007965   0.009626   0.011341   0.013115   0.014953   0.016861   0.018835   0.020875   0.022977   0.025138   0.027348   0.029601   0.031882   0.034172   0.036455   0.038717   0.040942   0.043109   0.045185   0.047121   0.048874   0.050411   0.051693   0.052675   0.053314   0.053582   0.053475   0.053010   0.052211   0.051094   0.049674   0.047965   0.045984   0.043752   0.041289   
0.015240   0.018529   0.021907   0.025369   0.028906   0.032511   0.036172   0.039872   0.043589   0.047299   0.050999   0.054684   0.058318   0.061845   0.065189   0.068269   0.071015   0.073347   0.075172   0.076400   0.076988   0.076950   0.076323   0.075154   0.073482   0.071342   0.068769   0.065797   0.062461   0.058798   0.054841   0.050616   0.046148   0.041456   0.036560   0.031480   
0.032546   0.038109   0.043710   0.049329   0.054942   0.060546   0.066166   0.071805   0.077408   0.082874   0.088082   0.092899   0.097188   0.100774   0.103468   0.105133   0.105756   0.105409   0.104180   0.102153   0.099400   0.095993   0.092005   0.087500   0.082535   0.077165   0.071434   0.065382   0.059038   0.052424   0.045554   0.038443   0.031102   0.023550   0.015810   0.007922   
0.058684   0.066710   0.074731   0.082814   0.090975   0.099139   0.107156   0.114831   0.121942   0.128227   0.133348   0.136982   0.138989   0.139432   0.138466   0.136251   0.132944   0.128687   0.123611   0.117822   0.111415   0.104470   0.097052   0.089216   0.081003   0.072441   0.063550   0.054341   0.044821   0.034998   0.024883   0.014499   0.003889   -0.006877   -0.017689   -0.028393   
0.092952   0.104155   0.115508   0.126880   0.138020   0.148599   0.158217   0.166351   0.172441   0.176153   0.177515   0.176777   0.174226   0.170138   0.164760   0.158302   0.150939   0.142817   0.134031   0.124660   0.114765   0.104400   0.093600   0.082386   0.070772   0.058763   0.046363   0.033574   0.020402   0.006869   -0.006980   -0.021049   -0.035176   -0.049126   -0.062620   -0.075369   
0.136589   0.151944   0.167087   0.181511   0.194572   0.205446   0.213321   0.217807   0.219070   0.217562   0.213756   0.208081   0.200887   0.192451   0.182993   0.172674   0.161608   0.149869   0.137518   0.124607   0.111167   0.097218   0.082776   0.067850   0.052434   0.036516   0.020092   0.003169   -0.014217   -0.031974   -0.049916   -0.067750   -0.085097   -0.101525   -0.116641   -0.130171   
0.190595   0.209945   0.227707   0.242775   0.253965   0.260607   0.262875   0.261458   0.257088   0.250400   0.241880   0.231879   0.220654   0.208396   0.195244   0.181301   0.166630   0.151266   0.135244   0.118595   0.101342   0.083485   0.065014   0.045911   0.026157   0.005739   -0.015332   -0.036998   -0.059107   -0.081377   -0.103373   -0.124528   -0.144238   -0.162010   -0.177591   -0.191012   
0.253115   0.274056   0.290649   0.301609   0.306738   0.306879   0.303109   0.296350   0.287285   0.276368   0.263923   0.250194   0.235361   0.219544   0.202825   0.185269   0.166895   0.147741   0.127821   0.107145   0.085705   0.063486   0.040458   0.016587   -0.008143   -0.033719   -0.060070   -0.087001   -0.114132   -0.140870   -0.166446   -0.190047   -0.211062   -0.229238   -0.244730   -0.258086   
0.317471   0.335473   0.346275   0.350306   0.348993   0.343656   0.335268   0.324477   0.311706   0.297279   0.281443   0.264358   0.246130   0.226832   0.206536   0.185256   0.163003   0.139792   0.115632   0.090514   0.064406   0.037267   0.009060   -0.020243   -0.050638   -0.082053   -0.114266   -0.146824   -0.178994   -0.209792   -0.238155   -0.263279   -0.284833   -0.303052   -0.318699   -0.332627   
0.373650   0.385156   0.389236   0.387712   0.381977   0.372987   0.361350   0.347487   0.331727   0.314342   0.295492   0.275272   0.253738   0.230944   0.206938   0.181716   0.155297   0.127685   0.098863   0.068798   0.037440   0.004742   -0.029331   -0.064789   -0.101577   -0.139481   -0.178017   -0.216344   -0.253286   -0.287496   -0.317858   -0.343836   -0.365637   -0.384199   -0.400636   -0.415820   
0.413199   0.419676   0.420048   0.415722   0.407659   0.396472   0.382615   0.366480   0.348375   0.328480   0.306867   0.283591   0.258708   0.232285   0.204365   0.174933   0.143997   0.111549   0.077549   0.041946   0.004691   -0.034260   -0.074938   -0.117319   -0.161228   -0.206200   -0.251356   -0.295373   -0.336632   -0.373603   -0.405357   -0.431877   -0.454178   -0.473687   -0.491629   -0.508901   
0.435002   0.440125   0.440316   0.435830   0.427195   0.415081   0.400018   0.382401   0.362464   0.340317   0.316038   0.289699   0.261378   0.231157   0.199051   0.165056   0.129174   0.091378   0.051619   0.009843   -0.034002   -0.079960   -0.128040   -0.178134   -0.229854   -0.282362   -0.334267   -0.383751   -0.428844   -0.468032   -0.500805   -0.527999   -0.551339   -0.572521   -0.592860   -0.613272   
0.442814   0.449042   0.451133   0.448599   0.441298   0.429623   0.414322   0.395847   0.374429   0.350220   0.323339   0.293889   0.261978   0.227711   0.191089   0.152124   0.110813   0.067114   0.020969   -0.027672   -0.078860   -0.132625   -0.188937   -0.247530   -0.307693   -0.368077   -0.426763   -0.481443   -0.529932   -0.570925   -0.604667   -0.632956   -0.658024   -0.681809   -0.705644   -0.730279   
0.439866   0.448822   0.453917   0.454712   0.450297   0.440523   0.425920   0.407144   0.384570   0.358456   0.328987   0.296319   0.260618   0.222016   0.180516   0.136139   0.088866   0.038649   -0.014556   -0.070796   -0.130117   -0.192537   -0.257935   -0.325797   -0.394954   -0.463487   -0.528933   -0.588547   -0.640042   -0.682617   -0.717561   -0.747532   -0.775258   -0.802773   -0.831250   -0.861120   
0.428843   0.441144   0.450186   0.454865   0.454509   0.447906   0.434991   0.416482   0.393064   0.365163   0.333083   0.297072   0.257369   0.214121   0.167338   0.117046   0.063227   0.005851   -0.055120   -0.119734   -0.188029   -0.259993   -0.335348   -0.413218   -0.491856   -0.568782   -0.640953   -0.705231   -0.759427   -0.803567   -0.840142   -0.872638   -0.904164   -0.936618   -0.970816   -1.006843   
0.412044   0.427587   0.440698   0.450123   0.454186   0.451783   0.441548   0.423928   0.399979   0.370417   0.335711   0.296225   0.252278   0.204021   0.151503   0.094764   0.033799   -0.031412   -0.100900   -0.174709   -0.252869   -0.335304   -0.421492   -0.510067   -0.598659   -0.684195   -0.763041   -0.831718   -0.888424   -0.934321   -0.973174   -1.009305   -1.045882   -1.084438   -1.125344   -1.168415   
0.390917   0.409785   0.426637   0.440800   0.450032   0.452163   0.445465   0.429477   0.405373   0.374293   0.336935   0.293807   0.245329   0.191684   0.132962   0.069218   0.000469   -0.073292   -0.152091   -0.235965   -0.324929   -0.418793   -0.516689   -0.616634   -0.715642   -0.809989   -0.895435   -0.968292   -1.027435   -1.075484   -1.117552   -1.158596   -1.201472   -1.247203   -1.295746   -1.346756   
0.366544   0.388780   0.409276   0.427556   0.442087   0.449213   0.446755   0.433127   0.409289   0.376831   0.336770   0.289817   0.236517   0.177084   0.111657   0.040320   -0.036887   -0.119957   -0.208905   -0.303762   -0.404516   -0.510788   -0.621244   -0.733219   -0.843101   -0.946447   -1.038400   -1.115273   -1.176936   -1.227771   -1.274256   -1.321531   -1.371884   -1.425790   -1.482878   -1.542764   
0.339508   0.365331   0.389358   0.411407   0.430566   0.443285   0.445372   0.434820   0.411725   0.378036   0.335230   0.284265   0.225829   0.160181   0.087518   0.007965   -0.078411   -0.171586   -0.271566   -0.378372   -0.491936   -0.611610   -0.735462   -0.860141   -0.981346   -1.093861   -1.192234   -1.273016   -1.337475   -1.392008   -1.444264   -1.499050   -1.557975   -1.621018   -1.687568   -1.757330   
0.309859   0.339691   0.367425   0.393052   0.416130   0.434264   0.441443   0.434530   0.412669   0.377925   0.332329   0.277154   0.213241   0.140922   0.060464   -0.027960   -0.124253   -0.228371   -0.340309   -0.460070   -0.587497   -0.721572   -0.859663   -0.997727   -1.130698   -1.252535   -1.357258   -1.441922   -1.509690   -1.569087   -1.628493   -1.692002   -1.760539   -1.833667   -1.910631   -1.991342   
0.277753   0.311851   0.343663   0.372956   0.399579   0.422405   0.435151   0.432251   0.412111   0.376508   0.328074   0.268470   0.198716   0.119242   0.030403   -0.067580   -0.174573   -0.290510   -0.415368   -0.549134   -0.691507   -0.840984   -0.994174   -1.146310   -1.291483   -1.422778   -1.533808   -1.622470   -1.694300   -1.759898   -1.827792   -1.901167   -1.980327   -2.064502   -2.152880   -2.245694   
0.243751   0.281831   0.318048   0.351272   0.381408   0.408015   0.426405   0.427945   0.410031   0.373791   0.322459   0.258190   0.182208   0.095074   -0.002764   -0.111024   -0.229533   -0.358198   -0.496983   -0.645846   -0.804275   -0.970162   -1.139327   -1.306228   -1.464031   -1.604918   -1.722247   -1.815200   -1.892078   -1.965289   -2.042942   -2.127278   -2.218068   -2.314278   -2.415131   -2.521286   
0.207890   0.250052   0.290482   0.327986   0.361826   0.391811   0.415273   0.421745   0.406406   0.369763   0.315467   0.246282   0.163664   0.068340   -0.039138   -0.158422   -0.289296   -0.431641   -0.585400   -0.750489   -0.926107   -1.109424   -1.295459   -1.477821   -1.648675   -1.799296   -1.922976   -2.020712   -2.103808   -2.186042   -2.274670   -2.371043   -2.474476   -2.583752   -2.698199   -2.819019   
0.170736   0.216600   0.261114   0.303040   0.340869   0.374273   0.401975   0.413694   0.401239   0.364408   0.307077   0.232708   0.143028   0.038963   -0.078823   -0.209908   -0.354032   -0.511044   -0.680867   -0.863348   -1.057303   -1.259091   -1.462907   -1.661430   -1.845754   -2.006270   -2.136444   -2.239650   -2.330260   -2.422892   -2.523667   -2.633147   -2.750263   -2.873681   -3.002894   -3.139795   
0.133511   0.181573   0.230273   0.276381   0.318507   0.355522   0.386679   0.403727   0.394502   0.357704   0.297265   0.217426   0.120245   0.006865   -0.121924   -0.265621   -0.423914   -0.596620   -0.783633   -0.984705   -1.198161   -1.419488   -1.642011   -1.857400   -2.055616   -2.226216   -2.363141   -2.472678   -2.572173   -2.676530   -2.790602   -2.914262   -3.046138   -3.184820   -3.330022   -3.484512   
0.096020   0.145923   0.197882   0.248184   0.294712   0.335584   0.369944   0.391849   0.386165   0.349627   0.286004   0.200398   0.095255   -0.028038   -0.168553   -0.325703   -0.499118   -0.688579   -0.893950   -1.114843   -1.348984   -1.590940   -1.833111   -2.066077   -2.278621   -2.459530   -2.603595   -2.720466   -2.830252   -2.947620   -3.076126   -3.215061   -3.362808   -3.517917   -3.680385   -3.854077   


#  Thrust coefficient

0.062292   0.061963   0.061671   0.061425   0.061227   0.061092   0.061036   0.061066   0.061186   0.061401   0.061715   0.062123   0.062621   0.063202   0.063844   0.064530   0.065242   0.065957   0.066648   0.067285   0.067823   0.068226   0.068464   0.068508   0.068316   0.067848   0.067077   0.065999   0.064625   0.062973   0.061057   0.058887   0.056475   0.053837   0.050992   0.047959   
0.079691   0.079975   0.080377   0.080907   0.081578   0.082394   0.083355   0.084453   0.085668   0.086969   0.088343   0.089771   0.091209   0.092598   0.093870   0.094953   0.095785   0.096302   0.096418   0.096050   0.095156   0.093742   0.091836   0.089477   0.086697   0.083526   0.079991   0.076120   0.071944   0.067496   0.062808   0.057904   0.052805   0.047531   0.042102   0.036543   
0.105519   0.106936   0.108544   0.110339   0.112297   0.114398   0.116643   0.119019   0.121463   0.123871   0.126129   0.128116   0.129713   0.130765   0.131095   0.130574   0.129182   0.126980   0.124040   0.120433   0.116215   0.111448   0.106188   0.100492   0.094411   0.087995   0.081285   0.074322   0.067135   0.059746   0.052175   0.044443   0.036570   0.028582   0.020516   0.012423   
0.140881   0.143724   0.146783   0.150097   0.153668   0.157418   0.161191   0.164794   0.168023   0.170641   0.172335   0.172798   0.171888   0.169654   0.166232   0.161761   0.156375   0.150192   0.143320   0.135842   0.127843   0.119396   0.110565   0.101403   0.091956   0.082257   0.072331   0.062198   0.051874   0.041379   0.030738   0.019990   0.009196   -0.001555   -0.012138   -0.022389   
0.185767   0.190502   0.195673   0.201154   0.206677   0.211910   0.216478   0.219887   0.221598   0.221276   0.218939   0.214809   0.209143   0.202180   0.194132   0.185175   0.175457   0.165107   0.154206   0.142831   0.131048   0.118921   0.106493   0.093798   0.080858   0.067694   0.054326   0.040770   0.027055   0.013223   -0.000655   -0.014464   -0.028022   -0.041082   -0.053369   -0.064616   
0.241389   0.248959   0.256754   0.264236   0.270763   0.275537   0.277751   0.277008   0.273452   0.267506   0.259599   0.250113   0.239345   0.227535   0.214875   0.201507   0.187541   0.173050   0.158113   0.142795   0.127143   0.111192   0.094979   0.078529   0.061860   0.044981   0.027914   0.010689   -0.006629   -0.023918   -0.040967   -0.057471   -0.073051   -0.087311   -0.099913   -0.110649   
0.309823   0.320247   0.329620   0.336828   0.340671   0.340458   0.336338   0.328973   0.319059   0.307181   0.293774   0.279135   0.263482   0.246988   0.229798   0.212032   0.193769   0.175063   0.155969   0.136545   0.116838   0.096872   0.076664   0.056223   0.035556   0.014683   -0.006354   -0.027459   -0.048448   -0.069016   -0.088724   -0.107038   -0.123421   -0.137477   -0.149035   -0.158164   
0.391106   0.402028   0.409161   0.411160   0.407787   0.399872   0.388496   0.374566   0.358728   0.341378   0.322786   0.303167   0.282700   0.261537   0.239792   0.217557   0.194873   0.171810   0.148414   0.124723   0.100760   0.076539   0.052063   0.027334   0.002376   -0.022758   -0.047954   -0.072982   -0.097443   -0.120760   -0.142227   -0.161142   -0.177028   -0.189738   -0.199453   -0.206649   
0.480591   0.487070   0.486701   0.479881   0.468109   0.452793   0.434940   0.415168   0.393840   0.371234   0.347575   0.323037   0.297767   0.271892   0.245526   0.218711   0.191488   0.163907   0.136009   0.107820   0.079343   0.050580   0.021537   -0.007768   -0.037283   -0.066888   -0.096319   -0.125111   -0.152566   -0.177797   -0.199899   -0.218248   -0.232656   -0.243385   -0.251085   -0.256456   
0.569751   0.566912   0.556758   0.541356   0.522318   0.500696   0.477081   0.451830   0.425222   0.397505   0.368858   0.339432   0.309342   0.278702   0.247594   0.216039   0.184089   0.151786   0.119150   0.086192   0.052909   0.019306   -0.014601   -0.048766   -0.083078   -0.117275   -0.150861   -0.183045   -0.212780   -0.238928   -0.260615   -0.277504   -0.289856   -0.298473   -0.304259   -0.307909   
0.650451   0.637641   0.619212   0.596931   0.571901   0.544710   0.515721   0.485257   0.453583   0.420898   0.387327   0.352980   0.317975   0.282428   0.246414   0.209938   0.173048   0.135772   0.098120   0.060093   0.021700   -0.017044   -0.056106   -0.095399   -0.134691   -0.173495   -0.210987   -0.246002   -0.277178   -0.303299   -0.323723   -0.338560   -0.348693   -0.355272   -0.359268   -0.361370   
0.720367   0.699793   0.675384   0.647847   0.617723   0.585494   0.551553   0.516193   0.479632   0.442015   0.403462   0.364092   0.324047   0.283450   0.242329   0.200704   0.158614   0.116081   0.073113   0.029720   -0.014084   -0.058274   -0.102785   -0.147441   -0.191817   -0.235118   -0.276122   -0.313308   -0.345101   -0.370385   -0.388905   -0.401437   -0.409375   -0.414049   -0.416473   -0.417309   
0.782103   0.755418   0.726277   0.694628   0.660373   0.623754   0.585258   0.545207   0.503812   0.461237   0.417625   0.373119   0.327874   0.282022   0.235557   0.188522   0.140958   0.092878   0.044294   -0.004775   -0.054300   -0.104235   -0.154467   -0.204673   -0.254154   -0.301718   -0.345767   -0.384452   -0.416113   -0.439881   -0.456107   -0.466275   -0.472125   -0.475141   -0.476314   -0.476123   
0.838289   0.806528   0.773139   0.737936   0.700274   0.659936   0.617242   0.572647   0.526450   0.478877   0.430099   0.380289   0.329645   0.278305   0.226255   0.173550   0.120221   0.066286   0.011778   -0.043268   -0.098815   -0.154792   -0.210997   -0.266886   -0.321401   -0.372941   -0.419538   -0.459083   -0.489929   -0.511653   -0.525393   -0.533235   -0.537251   -0.538954   -0.539171   -0.538077   
0.891403   0.854722   0.817274   0.778457   0.737764   0.694241   0.647746   0.598771   0.547794   0.495134   0.441038   0.385744   0.329510   0.272451   0.214556   0.155889   0.096491   0.036406   -0.024322   -0.085649   -0.147522   -0.209834   -0.272232   -0.333883   -0.393300   -0.448504   -0.497156   -0.536935   -0.566364   -0.585669   -0.596857   -0.602571   -0.605115   -0.605855   -0.605308   -0.603309   
0.943379   0.901379   0.859449   0.817062   0.773138   0.726782   0.676900   0.623717   0.567955   0.510122   0.450575   0.389632   0.327595   0.264554   0.200536   0.135620   0.069867   0.003338   -0.063912   -0.131827   -0.200337   -0.269265   -0.338050   -0.405481   -0.469645   -0.528183   -0.578396   -0.617808   -0.645306   -0.661963   -0.670669   -0.674610   -0.676073   -0.676113   -0.674874   -0.671887   
0.995296   0.947648   0.900614   0.854143   0.807010   0.757661   0.704662   0.647529   0.587032   0.523965   0.458827   0.392038   0.323964   0.254687   0.184277   0.112831   0.040434   -0.032839   -0.106919   -0.181736   -0.257194   -0.333008   -0.408337   -0.481526   -0.550267   -0.611798   -0.663069   -0.701559   -0.726705   -0.740618   -0.747090   -0.749685   -0.750401   -0.749890   -0.747940   -0.743836   
1.047832   0.994221   0.941645   0.890270   0.839507   0.787036   0.731084   0.670261   0.605115   0.536741   0.465856   0.393026   0.318692   0.242929   0.165856   0.087597   0.008258   -0.072065   -0.153286   -0.235323   -0.318043   -0.400994   -0.482980   -0.561885   -0.635021   -0.699197   -0.751025   -0.788086   -0.810566   -0.821792   -0.826428   -0.828077   -0.828282   -0.827272   -0.824540   -0.819160   
1.101390   1.041555   0.982996   0.926112   0.870859   0.815224   0.756190   0.691911   0.622240   0.548501   0.471731   0.392675   0.311852   0.229348   0.145335   0.059972   -0.026608   -0.114290   -0.202972   -0.292552   -0.382838   -0.473153   -0.561873   -0.646448   -0.723787   -0.790251   -0.842146   -0.877319   -0.896953   -0.905714   -0.908967   -0.909993   -0.909822   -0.908301   -0.904678   -0.897851   
1.155997   1.089809   1.024968   0.962116   0.901557   0.842230   0.780095   0.712488   0.638439   0.559305   0.476520   0.391054   0.303505   0.213996   0.122762   0.030001   -0.064125   -0.159481   -0.255944   -0.353388   -0.451534   -0.549415   -0.644932   -0.735123   -0.816463   -0.884849   -0.936344   -0.969229   -0.985986   -0.992643   -0.994932   -0.995567   -0.995077   -0.992988   -0.988352   -0.979898   
1.211249   1.139002   1.067715   0.998564   0.932138   0.868262   0.802977   0.732029   0.653748   0.569213   0.480283   0.388213   0.293695   0.196914   0.098176   -0.002280   -0.104261   -0.207606   -0.312170   -0.417800   -0.524090   -0.629715   -0.732084   -0.827830   -0.912959   -0.982895   -1.033546   -1.063842   -1.077837   -1.082821   -1.084487   -1.084877   -1.084071   -1.081332   -1.075555   -1.065284   
1.266225   1.188918   1.111263   1.035572   0.962894   0.893563   0.824836   0.750545   0.668191   0.578271   0.483066   0.384197   0.282459   0.178139   0.071610   -0.036841   -0.146986   -0.258636   -0.371624   -0.485764   -0.600471   -0.713995   -0.823267   -0.924500   -1.013196   -1.084309   -1.133705   -1.161229   -1.172702   -1.176445   -1.177743   -1.177964   -1.176810   -1.173328   -1.166280   -1.153989   
1.320765   1.238813   1.155507   1.073169   0.993973   0.918625   0.845759   0.768169   0.681786   0.586513   0.484900   0.379036   0.269830   0.157699   0.043092   -0.073654   -0.192273   -0.312548   -0.434288   -0.557256   -0.680640   -0.802206   -0.918427   -1.025070   -1.117105   -1.189033   -1.236807   -1.261497   -1.270772   -1.273658   -1.274766   -1.274851   -1.273292   -1.268970   -1.260517   -1.245989   
1.374094   1.288373   1.200042   1.111355   1.025445   0.943759   0.865930   0.784974   0.694570   0.593963   0.485818   0.372758   0.255837   0.135624   0.012649   -0.112695   -0.240103   -0.369327   -0.500146   -0.632257   -0.764560   -0.894304   -1.017515   -1.129483   -1.224624   -1.297021   -1.342868   -1.364773   -1.372216   -1.374559   -1.375595   -1.375542   -1.373513   -1.368252   -1.358254   -1.341256   
1.424645   1.337379   1.244340   1.150035   1.057341   0.969077   0.885491   0.800954   0.706553   0.600644   0.485850   0.365388   0.240506   0.111939   -0.019695   -0.153944   -0.290460   -0.428956   -0.569183   -0.710746   -0.852196   -0.990252   -1.120489   -1.237689   -1.335704   -1.408246   -1.451936   -1.471189   -1.477169   -1.479219   -1.480255   -1.480038   -1.477466   -1.471165   -1.459475   -1.439762   
1.472800   1.384633   1.288408   1.188866   1.089674   0.994630   0.904809   0.816141   0.717745   0.606576   0.485024   0.356956   0.223864   0.086665   -0.053925   -0.197389   -0.343330   -0.491425   -0.641388   -0.792705   -0.943518   -1.090015   -1.227309   -1.349645   -1.450307   -1.522697   -1.564074   -1.580872   -1.585741   -1.587683   -1.588756   -1.588335   -1.585144   -1.577699   -1.564160   -1.541478   


# Torque coefficient

0.003184   0.003992   0.004825   0.005685   0.006574   0.007495   0.008451   0.009441   0.010463   0.011517   0.012600   0.013708   0.014837   0.015980   0.017128   0.018272   0.019406   0.020521   0.021607   0.022647   0.023618   0.024497   0.025267   0.025909   0.026402   0.026722   0.026856   0.026803   0.026570   0.026169   0.025609   0.024898   0.024041   0.023048   0.021930   0.020695   
0.006111   0.007430   0.008784   0.010172   0.011591   0.013036   0.014504   0.015988   0.017478   0.018966   0.020449   0.021927   0.023384   0.024798   0.026139   0.027374   0.028475   0.029410   0.030142   0.030635   0.030871   0.030855   0.030604   0.030135   0.029465   0.028607   0.027575   0.026383   0.025046   0.023577   0.021990   0.020296   0.018504   0.016623   0.014660   0.012623   
0.010875   0.012734   0.014606   0.016483   0.018359   0.020231   0.022109   0.023993   0.025866   0.027692   0.029432   0.031042   0.032475   0.033673   0.034574   0.035130   0.035338   0.035222   0.034812   0.034134   0.033214   0.032076   0.030743   0.029238   0.027579   0.025785   0.023869   0.021847   0.019727   0.017517   0.015222   0.012846   0.010393   0.007869   0.005283   0.002647   
0.016808   0.019107   0.021404   0.023719   0.026056   0.028395   0.030691   0.032889   0.034926   0.036726   0.038192   0.039233   0.039808   0.039935   0.039658   0.039024   0.038077   0.036857   0.035404   0.033746   0.031911   0.029921   0.027797   0.025553   0.023200   0.020748   0.018202   0.015564   0.012837   0.010024   0.007127   0.004153   0.001114   -0.001970   -0.005066   -0.008132   
0.023295   0.026102   0.028947   0.031798   0.034589   0.037240   0.039651   0.041689   0.043216   0.044146   0.044487   0.044302   0.043663   0.042638   0.041291   0.039672   0.037827   0.035792   0.033590   0.031241   0.028761   0.026164   0.023457   0.020647   0.017736   0.014727   0.011619   0.008414   0.005113   0.001721   -0.001749   -0.005275   -0.008816   -0.012312   -0.015693   -0.018888   
0.030427   0.033848   0.037221   0.040434   0.043344   0.045766   0.047520   0.048520   0.048801   0.048465   0.047617   0.046353   0.044751   0.042871   0.040764   0.038466   0.036001   0.033385   0.030634   0.027758   0.024764   0.021657   0.018440   0.015114   0.011680   0.008135   0.004476   0.000706   -0.003167   -0.007123   -0.011119   -0.015092   -0.018957   -0.022616   -0.025984   -0.028998   
0.038212   0.042092   0.045653   0.048673   0.050917   0.052249   0.052703   0.052419   0.051543   0.050202   0.048494   0.046489   0.044239   0.041781   0.039144   0.036349   0.033407   0.030327   0.027115   0.023777   0.020318   0.016738   0.013034   0.009205   0.005244   0.001151   -0.003074   -0.007418   -0.011850   -0.016315   -0.020725   -0.024966   -0.028918   -0.032481   -0.035605   -0.038296   
0.046133   0.049950   0.052974   0.054972   0.055907   0.055932   0.055245   0.054013   0.052361   0.050371   0.048103   0.045601   0.042897   0.040015   0.036967   0.033768   0.030419   0.026928   0.023297   0.019528   0.015621   0.011571   0.007374   0.003023   -0.001484   -0.006146   -0.010949   -0.015857   -0.020802   -0.025675   -0.030337   -0.034638   -0.038469   -0.041781   -0.044605   -0.047039   
0.053041   0.056049   0.057853   0.058527   0.058308   0.057416   0.056014   0.054212   0.052078   0.049668   0.047022   0.044167   0.041122   0.037898   0.034507   0.030951   0.027234   0.023356   0.019319   0.015123   0.010761   0.006226   0.001514   -0.003382   -0.008460   -0.013709   -0.019091   -0.024530   -0.029905   -0.035051   -0.039789   -0.043987   -0.047588   -0.050632   -0.053246   -0.055573   
0.057625   0.059399   0.060029   0.059794   0.058909   0.057523   0.055728   0.053590   0.051160   0.048478   0.045571   0.042453   0.039132   0.035617   0.031914   0.028025   0.023950   0.019692   0.015247   0.010610   0.005774   0.000731   -0.004523   -0.009992   -0.015665   -0.021511   -0.027454   -0.033365   -0.039062   -0.044338   -0.049021   -0.053027   -0.056389   -0.059252   -0.061787   -0.064128   
0.059173   0.060100   0.060153   0.059534   0.058379   0.056777   0.054793   0.052482   0.049889   0.047040   0.043945   0.040612   0.037049   0.033265   0.029266   0.025051   0.020621   0.015974   0.011105   0.006007   0.000672   -0.004906   -0.010732   -0.016801   -0.023089   -0.029529   -0.035996   -0.042299   -0.048208   -0.053502   -0.058049   -0.061847   -0.065041   -0.067835   -0.070404   -0.072878   
0.058142   0.058827   0.058852   0.058253   0.057098   0.055479   0.053466   0.051111   0.048447   0.045486   0.042241   0.038721   0.034935   0.030896   0.026605   0.022061   0.017265   0.012213   0.006899   0.001316   -0.004545   -0.010687   -0.017114   -0.023809   -0.030722   -0.037740   -0.044678   -0.051292   -0.057319   -0.062557   -0.066937   -0.070572   -0.073691   -0.076523   -0.079241   -0.081969   
0.055487   0.056267   0.056529   0.056212   0.055297   0.053834   0.051917   0.049602   0.046918   0.043884   0.040516   0.036826   0.032827   0.028533   0.023944   0.019062   0.013885   0.008410   0.002628   -0.003468   -0.009882   -0.016619   -0.023675   -0.031017   -0.038556   -0.046122   -0.053476   -0.060327   -0.066403   -0.071540   -0.075768   -0.079313   -0.082454   -0.085434   -0.088421   -0.091508   
0.051875   0.052931   0.053532   0.053626   0.053105   0.051953   0.050231   0.048016   0.045354   0.042274   0.038799   0.034946   0.030736   0.026183   0.021289   0.016056   0.010480   0.004558   -0.001717   -0.008349   -0.015345   -0.022707   -0.030419   -0.038423   -0.046579   -0.054661   -0.062379   -0.069410   -0.075483   -0.080504   -0.084625   -0.088160   -0.091430   -0.094675   -0.098033   -0.101556   
0.047766   0.049136   0.050143   0.050664   0.050624   0.049889   0.048450   0.046389   0.043780   0.040673   0.037100   0.033089   0.028666   0.023849   0.018638   0.013037   0.007042   0.000652   -0.006139   -0.013336   -0.020943   -0.028959   -0.037352   -0.046025   -0.054784   -0.063352   -0.071391   -0.078550   -0.084587   -0.089503   -0.093577   -0.097197   -0.100708   -0.104323   -0.108132   -0.112145   
0.043479   0.045119   0.046503   0.047497   0.047926   0.047672   0.046592   0.044733   0.042206   0.039086   0.035424   0.031258   0.026620   0.021528   0.015987   0.009999   0.003566   -0.003315   -0.010647   -0.018435   -0.026683   -0.035381   -0.044476   -0.053822   -0.063171   -0.072196   -0.080516   -0.087763   -0.093747   -0.098590   -0.102690   -0.106502   -0.110362   -0.114430   -0.118747   -0.123291   
0.039187   0.041079   0.042768   0.044188   0.045113   0.045327   0.044655   0.043053   0.040636   0.037521   0.033776   0.029452   0.024593   0.019215   0.013329   0.006939   0.000047   -0.007347   -0.015246   -0.023654   -0.032572   -0.041982   -0.051795   -0.061814   -0.071739   -0.081197   -0.089762   -0.097066   -0.102994   -0.107811   -0.112028   -0.116142   -0.120441   -0.125025   -0.129891   -0.135004   
0.034994   0.037117   0.039074   0.040819   0.042206   0.042887   0.042652   0.041351   0.039075   0.035976   0.032152   0.027669   0.022580   0.016906   0.010660   0.003849   -0.003522   -0.011452   -0.019944   -0.029000   -0.038619   -0.048765   -0.059311   -0.070001   -0.080491   -0.090358   -0.099137   -0.106476   -0.112363   -0.117216   -0.121654   -0.126167   -0.130975   -0.136121   -0.141571   -0.147289   
0.030940   0.033293   0.035483   0.037492   0.039238   0.040397   0.040587   0.039626   0.037521   0.034451   0.030550   0.025905   0.020580   0.014597   0.007976   0.000726   -0.007146   -0.015637   -0.024748   -0.034481   -0.044831   -0.055737   -0.067023   -0.078386   -0.089431   -0.099685   -0.108650   -0.116011   -0.121886   -0.126855   -0.131617   -0.136610   -0.141980   -0.147725   -0.153790   -0.160147   
0.027010   0.029610   0.032028   0.034262   0.036274   0.037854   0.038480   0.037878   0.035972   0.032943   0.028969   0.024159   0.018588   0.012284   0.005271   -0.002437   -0.010831   -0.019907   -0.029664   -0.040104   -0.051211   -0.062899   -0.074936   -0.086971   -0.098562   -0.109182   -0.118311   -0.125691   -0.131598   -0.136776   -0.141954   -0.147490   -0.153464   -0.159839   -0.166548   -0.173583   
0.023203   0.026051   0.028709   0.031156   0.033380   0.035286   0.036351   0.036109   0.034426   0.031452   0.027406   0.022427   0.016600   0.009961   0.002540   -0.005645   -0.014583   -0.024268   -0.034699   -0.045873   -0.057766   -0.070253   -0.083050   -0.095759   -0.107886   -0.118854   -0.128129   -0.135536   -0.141536   -0.147016   -0.152688   -0.158817   -0.165430   -0.172462   -0.179845   -0.187598   
0.019548   0.022602   0.025506   0.028170   0.030587   0.032721   0.034196   0.034319   0.032883   0.029976   0.025860   0.020706   0.014612   0.007624   -0.000222   -0.008904   -0.018407   -0.028726   -0.039856   -0.051794   -0.064499   -0.077802   -0.091369   -0.104753   -0.117409   -0.128707   -0.138116   -0.145571   -0.151736   -0.157607   -0.163834   -0.170598   -0.177879   -0.185594   -0.193682   -0.202195   
0.016031   0.019282   0.022399   0.025291   0.027901   0.030213   0.032022   0.032521   0.031338   0.028513   0.024326   0.018991   0.012620   0.005270   -0.003018   -0.012216   -0.022308   -0.033284   -0.045141   -0.057871   -0.071413   -0.085549   -0.099894   -0.113956   -0.127131   -0.138745   -0.148282   -0.155819   -0.162227   -0.168568   -0.175402   -0.182833   -0.190809   -0.199236   -0.208061   -0.217377   
0.012678   0.016084   0.019389   0.022502   0.025311   0.027792   0.029849   0.030719   0.029794   0.027059   0.022802   0.017280   0.010621   0.002893   -0.005853   -0.015587   -0.026289   -0.037948   -0.050558   -0.064108   -0.078510   -0.093494   -0.108628   -0.123369   -0.137056   -0.148975   -0.158642   -0.166305   -0.173033   -0.179912   -0.187395   -0.195524   -0.204221   -0.213385   -0.222980   -0.233145   
0.009560   0.013001   0.016488   0.019790   0.022806   0.025456   0.027687   0.028908   0.028247   0.025613   0.021285   0.015568   0.008610   0.000492   -0.008730   -0.019019   -0.030354   -0.042720   -0.056110   -0.070508   -0.085792   -0.101640   -0.117573   -0.132995   -0.147188   -0.159404   -0.169208   -0.177051   -0.184175   -0.191648   -0.199815   -0.208670   -0.218113   -0.228043   -0.238440   -0.249501   
0.006638   0.010088   0.013680   0.017158   0.020375   0.023200   0.025576   0.027090   0.026697   0.024171   0.019773   0.013854   0.006585   -0.001938   -0.011653   -0.022517   -0.034506   -0.047604   -0.061802   -0.077073   -0.093261   -0.109988   -0.126730   -0.142836   -0.157530   -0.170037   -0.179997   -0.188076   -0.195666   -0.203781   -0.212665   -0.222270   -0.232484   -0.243207   -0.254439   -0.266447   

